 VERSION172
   5120.00000000000     
         256
  8.994473019507991E-004  -51.6753000000000       -58.0637000000000     
  -22.4900000000000       -68.0900000000000        5771.10000000000     
           0  0.000000000000000E+000  0.000000000000000E+000
  0.000000000000000E+000  0.000000000000000E+000
  0.000000000000000E+000  0.000000000000000E+000
           1  1.921714210430399E-011 -1.231351023354980E-011
 -8.690906908192795E-011 -9.883538015223854E-013
 -2.783968381788499E-011  1.666686235646067E-012
           2  1.149971052859509E-011 -2.906526303402471E-011
 -9.058165489143411E-011 -6.048699195383066E-012
 -2.915236100482875E-011  3.692981132868354E-012
           3 -5.354808844946516E-012 -4.299249089081336E-011
 -9.901599643009072E-011 -1.378620581609968E-011
 -3.257851218698056E-011  7.011722202697499E-012
           4 -3.227263236625426E-011 -4.786105484315294E-011
 -1.254274183549210E-010 -2.129799966508752E-011
 -3.521348805388525E-011  1.260605970610213E-011
           5 -7.391367886403649E-011 -3.499659377801187E-011
 -1.710238035578814E-010 -2.999197396833668E-011
 -3.561322065207534E-011  2.526182522436036E-011
           6 -1.114104317605219E-010  1.448675619866159E-012
 -2.529520752502132E-010  1.382198004698108E-011
 -2.748089486522300E-011  3.679676766740959E-011
           7 -1.369018400129733E-010  6.994713684949496E-011
 -3.153401853363982E-010  1.256148889572644E-010
 -1.608665442634905E-011  4.339571489516374E-011
           8 -1.191515337563015E-010  1.947957901007117E-010
 -3.226050711162109E-010  3.052031383776246E-010
 -7.406534524697478E-013  3.918003788493106E-011
           9  2.307204047621221E-011  3.086383736894182E-010
 -2.032434635318966E-010  4.964722154225208E-010
  3.895470568102989E-012  3.318619722817249E-011
          10  3.110111699960979E-010  3.041063503767526E-010
  7.124575668637596E-011  6.343742413596510E-010
 -1.424883347421032E-012  2.981905879275891E-011
          11  5.476616059225173E-010 -4.308453772956151E-012
  4.230024795882351E-010  5.633282538921900E-010
  1.228006941839392E-011  4.576040826112606E-011
          12  4.381461357922164E-010 -5.572708918300758E-010
  7.432748203271958E-010  2.722107481828143E-010
  3.176774880615572E-011  2.278182471448137E-011
          13 -2.634916778085001E-010 -7.426684132059385E-010
  7.981925358322075E-010 -3.424715985492551E-010
  1.889166604602230E-011  5.701312453135201E-012
          14 -8.788282892275031E-010 -1.753880678118860E-010
  2.619213841657604E-010 -8.207436415161293E-010
  8.632627746052593E-013  8.081328810414652E-012
          15 -5.978206442285784E-010  8.233346754377808E-010
 -5.437421920193462E-010 -6.598439418640872E-010
 -1.727500856731602E-012  2.592676018892236E-011
          16  5.930358916952251E-010  1.032292822588595E-009
 -8.213969116564601E-010  1.787265201295825E-010
  1.163825246726000E-011  4.630316760566545E-011
          17  1.439850668870043E-009 -1.374900394991236E-010
 -1.860363691172211E-010  8.695872063745909E-010
  4.926251587948349E-011  3.479120955392646E-011
          18  6.129753016088667E-010 -1.595768064617561E-009
  7.654829132168630E-010  4.997700670046083E-010
  4.715249963730331E-011  3.025642352282431E-012
          19 -1.261887998660405E-009 -1.453175552628720E-009
  7.300376373445944E-010 -5.573431721055917E-010
  2.915086766796126E-011 -4.751444761611749E-012
          20 -1.995028108995857E-009  3.953091390198369E-010
 -3.449213038965656E-010 -9.316746027581194E-010
  2.489809815972912E-011  7.016548086742375E-012
          21 -6.422297848173502E-010  1.889556150082686E-009
 -1.172721179615338E-009  2.248744857076736E-011
  4.134449962274161E-011  1.124333534442394E-011
          22  1.281564236591936E-009  1.331407300288221E-009
 -6.054478027488337E-010  1.281665677230567E-009
  5.240239283537145E-011 -1.553111734921758E-011
          23  1.538927082221506E-009 -5.358412470204223E-010
  8.020207793473663E-010  1.347960199881936E-009
  3.423154469399094E-011 -2.838175047910713E-011
          24 -8.768245269409603E-012 -1.426970713707364E-009
  1.579368763982954E-009  2.287802589833597E-010
  2.445392509956750E-011 -2.781532002738031E-011
          25 -1.367877847008301E-009 -3.770386156983216E-010
  1.113791677575566E-009 -9.317749814450587E-010
  2.005999061486304E-011 -2.343297828495306E-011
          26 -8.808254200323002E-010  1.273495320087889E-009
  8.177006000107168E-011 -1.089884168005122E-009
  2.883397560099128E-011 -2.314579266418275E-011
          27  8.508557072022919E-010  1.548423219080988E-009
 -3.488139276971797E-010 -4.516586802367751E-010
  3.988629039859722E-011 -5.483817106496782E-011
          28  1.981469156610999E-009  1.325934918916128E-010
 -3.763436149750792E-012 -2.345319668161430E-010
 -2.565678670839817E-011 -7.335424997840990E-011
          29  1.287007994836875E-009 -1.646615427503663E-009
 -1.096346208605539E-011 -4.952939854960931E-010
 -4.037666503580985E-011 -1.901057625018764E-011
          30 -5.197237707212257E-010 -2.011119872288724E-009
 -3.955724558419170E-010 -6.099265740040691E-010
 -1.649772138644301E-011  3.736926322038815E-012
          31 -1.745071312860114E-009 -7.613606661561971E-010
 -8.814679199771515E-010 -2.305668429513005E-010
  1.121858788977203E-011  6.507204322014894E-013
          32 -1.535658658604464E-009  7.250312817180220E-010
 -7.959484257957862E-010  5.815728028916216E-010
  3.278377745033067E-011 -2.674205262303882E-011
          33 -4.311706948735825E-010  1.369232656597127E-009
  4.125914206985634E-011  9.814537679270093E-010
 -7.414917880127755E-012 -7.028168508628824E-011
          34  6.003736137068579E-010  1.044581130943549E-009
  7.740217550451648E-010  5.442861604517527E-010
 -4.454604471634206E-011 -3.861229446126581E-011
          35  9.126685596395373E-010  2.869130908307796E-010
  1.003497479538140E-009 -3.197293943104448E-010
 -3.869409698199596E-011 -1.709185659996776E-011
          36  7.914773594505959E-010 -2.517910108758353E-010
  4.571563133582247E-010 -1.127876400839376E-009
 -3.501375803323798E-011 -8.148830052356100E-012
          37  5.192411138358519E-010 -6.209029822767308E-010
 -5.497116140228160E-010 -1.145527227249381E-009
 -2.924963732677898E-011 -1.329975912193275E-012
          38  1.059793244128118E-010 -9.730569049367700E-010
 -1.191681175090038E-009 -4.186687858050101E-010
 -2.079676873521929E-011 -4.019175804552486E-012
          39 -7.434568259810182E-010 -9.930250880107784E-010
 -1.032798899530102E-009  4.015046968331597E-010
 -2.902501107789760E-011 -3.300619456794826E-012
          40 -1.489263210477745E-009 -3.311021352332963E-010
 -4.452958117003008E-010  7.979358138819426E-010
 -2.714252719728857E-011  1.160048346244532E-012
          41 -1.517432292757378E-009  1.032694783731792E-009
  2.126076032928588E-011  6.274482289488007E-010
 -2.860984557110287E-011  1.691428539133993E-012
          42 -4.084858908055274E-010  2.040359919129075E-009
  1.128629488914017E-010  4.213284728214619E-010
 -3.471347426792437E-011  5.987110653054689E-012
          43  1.325715132108286E-009  1.885934920477957E-009
  1.132966932807127E-010  4.304614892111846E-010
 -3.999903971584220E-011  2.338696179954498E-011
          44  2.347172691261204E-009  4.507252182272949E-010
  4.006992355690628E-010  6.411230499810008E-010
 -1.988081450966328E-012  4.564983875161780E-011
          45  2.011734862140077E-009 -1.360733018617810E-009
  1.090925587067608E-009  9.536015766820442E-011
  6.279111388932196E-012 -4.259635195532762E-012
          46  4.217809880642320E-010 -2.197895257091521E-009
  8.176570139435125E-010 -9.067389212398768E-010
 -2.659403060105546E-011 -5.194045218464424E-012
          47 -1.116293568786047E-009 -1.620555881246449E-009
 -1.205427700131688E-010 -1.231819212109168E-009
 -4.150511566607999E-011  1.355406634574560E-011
          48 -1.559854178581887E-009 -3.127399435980724E-010
 -9.457650989156512E-010 -8.150413641414489E-010
 -4.830277220251771E-011  4.016232605215409E-011
          49 -9.416900316077612E-010  5.937499957943587E-010
 -1.309635495771483E-009  1.957299289760162E-010
 -9.461569871594145E-012  9.368028325231587E-011
          50 -1.273730204834600E-010  6.981763432051392E-010
 -4.632994204692408E-010  9.442396077851672E-010
  4.916777008594015E-011  3.632274006181551E-011
          51  2.337347249465108E-010  9.661610450699982E-011
  7.711158483025013E-011  5.870872636812691E-010
  1.792539542663224E-011  8.678738099595608E-012
          52 -2.932141297949210E-010 -3.413169839046367E-010
  1.549051022757202E-010  3.638174176761723E-010
  7.193381892315689E-012  1.645418131194086E-011
          53 -8.835878455887464E-010  1.504872444194611E-010
  1.884019403266525E-010  1.945540368641026E-010
  5.072196200187152E-012  1.871358687107589E-011
          54 -6.522515316687564E-010  1.142042177963893E-009
  2.459600300872050E-011  5.032021026136357E-011
 -6.406049095762441E-013  3.120027613842670E-011
          55  4.783523451538658E-010  1.465122004057392E-009
 -1.661852565587735E-010  2.680034925640914E-010
  3.680457879665317E-011  4.935742400178045E-011
          56  1.581201359694793E-009  7.876951535040356E-010
  2.500645267831004E-011  3.804904084797324E-010
  4.460585532355393E-011  6.063998356154986E-012
          57  1.726756091516410E-009 -7.300018258912415E-010
  1.121609124606161E-010  5.220674023748028E-010
  2.914232318904824E-011  1.199910879334420E-012
          58  5.093925120661905E-010 -1.857093648998192E-009
  5.811699843288696E-010  6.407166153776474E-010
  2.688028857646432E-011  2.342785349649432E-013
          59 -1.190814742802584E-009 -1.456215094927327E-009
  1.050551672357778E-009  1.702169709297274E-010
  2.281340554860822E-011 -3.963014202777259E-012
          60 -1.888943311323685E-009  2.008711714485497E-010
  9.523751315153912E-010 -5.732673288618017E-010
  1.719010383527901E-011 -7.421096036448281E-013
          61 -8.582571419215304E-010  1.767861204911420E-009
  3.197333678512554E-010 -9.334442820724672E-010
  2.227964021208253E-011  4.022305185947378E-012
          62  1.090512379003766E-009  1.835748189371994E-009
 -2.029487391375267E-010 -7.400039551247282E-010
  2.855565997965070E-011 -5.520955894157550E-013
          63  2.398062472765811E-009  2.133752986217406E-010
 -4.082513799244501E-010 -3.975163422302128E-010
  2.977687111540121E-011 -6.286799898637271E-012
          64  1.841464801809980E-009 -1.897472502225948E-009
 -4.113301393160139E-010 -6.732500330456562E-011
  3.417699752097645E-011 -1.015057880850576E-011
          65 -2.887147343321629E-010 -2.947948971145304E-009
 -1.728291647644283E-010  1.136503397966915E-010
  4.021254482467361E-011 -3.294356522756885E-011
          66 -2.551145486077254E-009 -1.812872703327280E-009
 -1.669066372488695E-010 -8.052796010718616E-011
 -9.934496298461829E-012 -4.228158722522355E-011
          67 -3.111404946599622E-009  7.228535737893751E-010
 -7.647742400547516E-011  4.328378424367532E-010
  1.006946866219916E-011 -6.704373673427631E-012
          68 -1.468293820692622E-009  2.716639806002260E-009
  4.272302302270194E-010 -1.357796805571698E-010
  1.493089506570522E-011 -2.244175388992448E-011
          69  1.026628454082729E-009  2.811543681655194E-009
 -1.254205079581788E-010 -5.639816748299465E-010
  1.052944641157716E-011 -1.715462307936667E-011
          70  2.564754206537330E-009  8.361601576334522E-010
 -5.585157257735443E-010 -6.318092072983939E-012
  2.773631459125884E-011 -2.546495148573913E-011
          71  2.030891906551760E-009 -1.473229854726142E-009
 -2.378562497847275E-010  3.228283084222695E-010
  4.131859887544684E-012 -7.371454469061617E-011
          72 -2.122552939323893E-010 -2.318872924628031E-009
 -2.149864871058799E-010  5.973018841720498E-010
 -3.481585707518146E-011 -2.271703997597631E-011
          73 -2.054765374992060E-009 -8.445413332966529E-010
  6.612201567618198E-010  4.607127460491769E-010
 -1.067867101756089E-011 -2.134363050645934E-011
          74 -1.810092734991426E-009  1.384485595909162E-009
  5.804055059969230E-010 -4.071032413342036E-010
 -1.790359243818232E-011 -2.067102593587362E-011
          75  2.090846653045203E-010  2.454642603263197E-009
 -7.422417299961950E-011 -2.933338762413121E-010
 -1.009572225959589E-011 -1.280517111136689E-011
          76  2.224030290836046E-009  1.484976429021112E-009
  6.611291344610202E-012  2.260990632269291E-010
  1.362723863640961E-012 -3.193740247836521E-011
          77  2.791367600874852E-009 -8.571162289135929E-010
  5.142583633180026E-010  8.972646800975219E-011
 -3.998638376538720E-011 -4.698952837555895E-011
          78  1.254949522576769E-009 -2.799325185055028E-009
  8.587457004865426E-010 -3.399839828456980E-010
 -4.591074476797675E-011 -1.788762592425337E-011
          79 -1.207785822918052E-009 -2.774747242265216E-009
  6.708470051628364E-010 -1.325199986491718E-009
 -4.884143312156152E-011 -7.908667238443264E-012
          80 -2.742557320703933E-009 -9.343439209209570E-010
 -4.562739860507294E-010 -1.787270414114260E-009
 -4.937970149164399E-011  7.837800447196883E-012
          81 -2.353884066916696E-009  1.329280930078804E-009
 -1.660115053803026E-009 -1.320910256499714E-009
 -4.267692083660307E-011  2.342283249719712E-011
          82 -3.925442364542325E-010  2.378466698084825E-009
 -2.310105664895558E-009 -1.113251635009905E-010
 -2.057272540588709E-011  3.464919602269884E-011
          83  1.504965925450191E-009  1.511737156273407E-009
 -2.145689039562408E-009  1.285350322635968E-009
 -8.935599287814868E-012  2.144815187462025E-011
          84  1.909226708474935E-009 -5.732879565208863E-010
 -9.684066531439058E-010  2.633809751760111E-009
 -3.663337023902435E-012  1.310576225665610E-011
          85  2.751436983031636E-010 -1.951632864135533E-009
  1.178181048176378E-009  2.526522440302941E-009
 -1.215583429796304E-011 -2.147589099579536E-012
          86 -1.812963730556420E-009 -1.300147471492674E-009
  2.317040068807109E-009  9.063781056561407E-010
 -3.859094344391985E-011  4.558908539114802E-012
          87 -2.422186112586040E-009  9.422552783240631E-010
  1.924635937321118E-009 -6.729146782513398E-010
 -3.583625158915884E-011  5.000051010484827E-011
          88 -8.765733510454205E-010  2.824030158781696E-009
  1.059844070626400E-009 -1.752499947144829E-009
  5.544718606539021E-012  3.128465670621207E-011
          89  1.850924934403294E-009  3.009128437994862E-009
 -8.531642780179158E-010 -1.572696107234235E-009
  2.395763794206847E-012  3.075197150234470E-011
          90  3.875108455997848E-009  5.725190966952874E-010
 -1.045706107076795E-009 -2.949435880684280E-010
  1.062485016953740E-011  1.411693440276324E-011
          91  3.208524031773109E-009 -2.680107329315216E-009
 -7.661771594046259E-010 -8.242705039047084E-011
 -1.230742853941852E-011  5.395099640545887E-012
          92  1.074891438066407E-010 -4.435773351793967E-009
 -1.016120827578976E-009  4.239932427299206E-010
 -3.112781867969537E-011  3.374138927531977E-011
          93 -3.269603350167587E-009 -2.983582093638930E-009
 -6.205931526633736E-010  1.418436389431791E-009
  1.118984897600958E-011  7.503329022110752E-011
          94 -4.607367876320911E-009  4.993335544325394E-010
  6.104045427840685E-010  1.129556698599981E-009
  4.005178162188383E-011  2.959185277136461E-011
          95 -2.614483731610161E-009  3.855100565343335E-009
  9.996246461814114E-010  8.879052834861686E-010
  3.796590257156789E-011  1.766538298974718E-011
          96  1.454668528995913E-009  4.677474549317695E-009
  1.704656366591648E-009 -1.271909589390166E-010
  2.746268869955168E-011 -5.070985540149764E-012
          97  4.654215145855756E-009  1.847384923740856E-009
  9.865756999964619E-010 -1.361719565089021E-009
  2.508578594262397E-012  1.317059195481125E-012
          98  4.513803871166810E-009 -2.563173069841529E-009
 -3.304335170120624E-010 -1.291958045586277E-009
  2.363259488878468E-012  2.915149984589159E-011
          99  9.673992036766937E-010 -5.132612410482097E-009
 -6.446723721803177E-010 -7.509395428613854E-010
  3.661029407502072E-011  2.718129385663146E-011
         100 -3.283201293785883E-009 -4.112351815166506E-009
 -8.808467285017147E-010 -4.637760645406758E-010
  3.696696465323059E-011  1.278780240054231E-011
         101 -5.165327756682795E-009 -2.889290042417940E-010
 -1.106989660403834E-009  6.994755663766260E-011
  4.030163520083561E-011  5.676908474972090E-012
         102 -3.460962136365133E-009  3.416215258805011E-009
 -1.117351440123333E-009  7.844527902464281E-010
  4.439703589748553E-011 -1.908002561290175E-012
         103  1.599405298836700E-010  4.440191313121060E-009
 -5.281768826345772E-010  1.540382937380686E-009
  4.732960626623887E-011 -2.149003628410761E-011
         104  2.854117043511742E-009  2.467213206215968E-009
  4.853658973988309E-010  1.733631210198722E-009
  1.950060162005917E-011 -3.189376926818497E-011
         105  2.865019121483774E-009 -4.255465422860970E-010
  1.734718847644883E-009  1.218934548889800E-009
  1.769996184892436E-011 -1.944246790660909E-011
         106  1.016580973644654E-009 -1.643793914514464E-009
  1.949252766303376E-009 -9.657574554283775E-011
  1.913742690169180E-011 -1.393356082188956E-011
         107 -5.560672835653445E-010 -8.511155678499733E-010
  1.656757455549330E-009 -9.770538704106905E-010
  3.199447081077131E-011 -2.035500606718904E-011
         108 -4.051258363642768E-010  6.450055730129005E-010
  9.763369565079694E-010 -1.962952360764694E-009
  3.229255007291157E-011 -4.182061377013650E-011
         109  1.242479157928376E-009  1.000323342491094E-009
 -8.088065977144166E-010 -2.227104900321289E-009
  3.743466551598596E-012 -6.959528324844443E-011
         110  2.488348780686740E-009 -7.713352025901727E-010
 -2.079695257125641E-009 -4.025674133038369E-010
 -3.018540337940608E-011 -3.047253792801807E-011
         111  1.252531760628054E-009 -3.237089572133145E-009
 -1.069918661852518E-009  9.696153321849741E-010
 -2.190044560963373E-011 -1.229591550730554E-011
         112 -1.844774291212018E-009 -3.505962034691981E-009
  2.147653607761571E-010  1.534644527263570E-009
  1.792988433057432E-012 -5.167167628387171E-013
         113 -4.205614536486288E-009 -1.302283470812761E-009
  2.161922726126183E-009  3.435595551399697E-010
  1.844756032146080E-011 -2.322183891605497E-011
         114 -3.895186842756701E-009  2.403745505141219E-009
  1.702377093277087E-009 -2.393393712351718E-009
  7.069296498039818E-012 -4.852205457099526E-011
         115 -7.708656426837920E-010  4.531560956058665E-009
 -1.453989050156682E-009 -3.297966367675765E-009
 -3.860981885477266E-011 -5.851446275944419E-011
         116  3.053451637179485E-009  3.335526737858224E-009
 -3.479233211362276E-009 -1.033796501170029E-009
 -4.444235536146690E-011 -1.447754212766440E-011
         117  4.246870676730451E-009 -6.056580383646065E-010
 -3.486905003550564E-009  1.611812861110380E-009
 -3.432219332107098E-011  4.814809821871056E-012
         118  1.799525469616045E-009 -3.645853455160375E-009
 -1.379738629673871E-009  3.956010766260540E-009
 -7.692281146012435E-012  1.534906822959546E-012
         119 -2.280352060614818E-009 -3.536876798114278E-009
  1.935971858924581E-009  3.507414798903046E-009
 -6.169425356736361E-012 -1.972425976357748E-011
         120 -4.396825744692439E-009 -8.403438135113583E-011
  3.356610105906432E-009  1.044902326238812E-009
 -2.474050091624641E-011 -3.104686988183929E-011
         121 -2.908476187678640E-009  3.887869334944101E-009
  2.855590069770285E-009 -1.254443927059735E-009
 -4.330155087092185E-011 -1.927261066886754E-011
         122  1.390154530937383E-009  5.196392961913360E-009
  1.289925824305887E-009 -2.525374769434295E-009
 -5.011695066951511E-011 -6.129627070327125E-012
         123  5.292727074287453E-009  2.455687627415165E-009
 -7.280923239207743E-010 -2.446124349544139E-009
 -5.174826627927032E-011  9.090725222488150E-012
         124  5.606828881491999E-009 -2.495750600463402E-009
 -1.799980043381014E-009 -1.102385730813305E-009
 -4.777702154244282E-011  2.327085083578597E-011
         125  1.900390931864759E-009 -6.035660845817631E-009
 -1.508551880357776E-009  2.815174192817100E-010
 -4.034626050022325E-011  4.228039297652968E-011
         126 -3.196644421825201E-009 -5.300809382810142E-009
 -5.529801706332805E-010  5.345239633008637E-010
 -3.273176086017452E-012  3.983804254747363E-011
         127 -5.836072020929330E-009 -1.182531406425279E-009
 -5.153854801619124E-010  3.417744181069130E-010
 -8.673026165195125E-012  2.193203485720428E-011
         128 -4.420401839755548E-009  3.595895133306273E-009
 -5.391975612265092E-010  3.532269496665622E-010
 -1.749620668103115E-011  1.717712878962675E-011
         129  4.683133129610020E-011  5.326851436211985E-009
 -6.986474379958342E-010  9.312514695469479E-010
 -2.391756483354098E-011  2.932272149480665E-011
         130  3.975950662122742E-009  2.810425856702645E-009
  4.795938553466677E-010  1.654683307616352E-009
 -2.374528107084544E-011  3.903251239170117E-011
         131  4.269010676674989E-009 -1.535345625176653E-009
  1.908913111356310E-009  4.628925938635088E-010
 -4.501801458176228E-012  6.654591063332830E-011
         132  1.196452531157645E-009 -4.160377202491842E-009
  1.129392597684798E-009 -1.593423830807410E-009
  2.577471267773765E-011  4.417686077966747E-011
         133 -2.817346300055353E-009 -3.499618972707181E-009
 -5.024040796486295E-010 -1.907597236743498E-009
  2.161563267896638E-011  2.368259431252379E-011
         134 -4.714526628557088E-009  2.399080054321881E-010
 -2.440245344017886E-009 -1.271826420248027E-009
  8.035276473509348E-012  2.952458201377313E-011
         135 -2.670523131741885E-009  3.976020577944450E-009
 -2.863772010077367E-009  1.540023922679272E-009
  1.933705424941700E-011  3.801827147199341E-011
         136  1.388613934406961E-009  4.534688056834244E-009
 -8.702855354596675E-010  3.341201549794178E-009
  2.936099370795700E-011  4.197182127445595E-011
         137  4.205901861396785E-009  1.732832605368159E-009
  1.170785325584088E-009  3.161891569947114E-009
  5.177461485921816E-011  2.514915616950201E-011
         138  3.698904576794988E-009 -1.964596414213015E-009
  2.964474423554460E-009  2.421518505876415E-009
  5.248537481937347E-011  4.398475620810107E-012
         139  5.255874516360638E-010 -3.650232491890134E-009
  4.475352837729255E-009  8.336485676905535E-011
  3.941944337999628E-011 -8.147952480318224E-012
         140 -2.350542990957638E-009 -2.000887413406609E-009
  3.838595187028278E-009 -2.828134083396795E-009
  3.207980038116858E-011 -9.917976502370336E-012
         141 -2.353255681142930E-009  1.115396710107532E-009
  1.281126444016742E-009 -4.972597829761297E-009
  2.660163572846440E-011 -1.442560452357495E-011
         142  2.863708461507172E-010  2.476594015713590E-009
 -2.347128096488563E-009 -4.722939968679334E-009
  1.291399039703319E-011 -1.014660677939900E-011
         143  2.937015598166445E-009  7.682747241044803E-010
 -4.866495512184358E-009 -2.114530809747508E-009
  1.516510870032581E-011  1.751230682134251E-012
         144  2.515808915091260E-009 -2.731649767776258E-009
 -5.139465694934711E-009  1.754711478287679E-009
  2.920792575771177E-011  1.123139777994775E-011
         145 -8.198267703516318E-010 -4.441212247069826E-009
 -2.460794281688352E-009  4.756640599356410E-009
  4.777172124180389E-011  5.627839624034111E-013
         146 -4.577093799861630E-009 -2.516790708529214E-009
  1.281621526795018E-009  5.027699793326136E-009
  5.998006521124156E-011 -1.977860723028367E-011
         147 -5.468835019234973E-009  1.955657907920207E-009
  4.434291707716156E-009  2.874368474995602E-009
  5.469011430437036E-011 -6.325300019500032E-011
         148 -2.471871514095395E-009  5.909276433496298E-009
  5.297026830367249E-009 -8.682332090935842E-010
  6.854446732740411E-013 -6.930895791345482E-011
         149  3.063225090908175E-009  6.099635923440000E-009
  3.135549416012938E-009 -4.736506827350850E-009
 -2.243076186969339E-011 -4.516339559011691E-011
         150  6.792096109181180E-009  1.519233439490524E-009
 -1.333167444721437E-009 -5.043796850075549E-009
 -1.626962051663841E-011 -1.495841012789729E-011
         151  5.546673282056470E-009 -4.133124573265162E-009
 -4.406221839279357E-009 -2.482820334203110E-009
  4.297876100653801E-012 -6.927832865762612E-012
         152  3.761330340764996E-010 -7.010555582384125E-009
 -4.560420387433757E-009  1.624629280580456E-009
  3.435998440206433E-011 -2.434861324313566E-011
         153 -5.247878716080222E-009 -4.670587102199113E-009
 -1.207602657083644E-009  4.156422143795820E-009
  1.024893251661737E-011 -7.941414848060307E-011
         154 -7.088080015167389E-009  1.219862865111367E-009
  2.086905533159406E-009  2.844460751438285E-009
 -3.824729850748376E-011 -5.931677770080985E-011
         155 -3.329298241401063E-009  6.306177301441679E-009
  2.471018252016437E-009  4.336177630034362E-010
 -4.105590971311893E-011 -2.965117343701753E-011
         156  2.509487533063690E-009  6.528924980479030E-009
  1.819730059057617E-009 -1.144404452898586E-009
 -3.690489171698098E-011 -2.129684888930829E-011
         157  6.473609190639733E-009  2.374355451284157E-009
  4.982776707468909E-010 -1.272101252034586E-009
 -2.682971658075649E-011 -1.259993411404134E-011
         158  5.933424238038358E-009 -3.151904032533111E-009
  5.284307499314268E-010 -6.488737811679362E-010
 -2.510648477405911E-011 -3.098669115990942E-011
         159  1.592321407063658E-009 -6.186192981475486E-009
  6.801700406299805E-010 -1.540564088779279E-009
 -5.053880778892382E-011 -2.849682809459637E-011
         160 -3.167705407856324E-009 -4.821359355628998E-009
 -7.681608059197689E-010 -2.284672514556303E-009
 -6.048026959665101E-011 -5.393390332044181E-012
         161 -5.043116154362121E-009 -7.054462127358556E-010
 -2.141133253588877E-009 -1.374510130589931E-009
 -5.340225732124775E-011  1.043019822088586E-011
         162 -3.059956454614265E-009  2.860198444126183E-009
 -2.471159818671998E-009  1.405523250638404E-010
 -4.927174995352321E-011  1.860838514211866E-011
         163  5.170179707146327E-010  3.257146612487046E-009
 -2.045787754359295E-009  1.426005633478808E-009
 -4.507125552798890E-011  3.554993322274154E-011
         164  2.565054559444517E-009  6.189535158344374E-010
 -8.908375955350826E-010  2.417582930965407E-009
 -1.494131703638705E-011  3.968250286735727E-011
         165  1.200945199855798E-009 -2.162377644712859E-009
  1.126594648077869E-009  2.492045321217390E-009
 -6.122296643944333E-012  1.576785853614865E-011
         166 -1.982362540993166E-009 -2.454842952264399E-009
  2.453670122204704E-009  2.156785706300260E-010
 -2.912884893421466E-011  6.597357975103208E-012
         167 -4.113878818110205E-009  5.526180384220521E-010
  1.257238523416040E-009 -1.555052395228522E-009
 -3.981387481905662E-011  2.249508360677448E-011
         168 -2.570601447411442E-009  4.411427458153931E-009
 -8.786003376796433E-010 -2.220672303775814E-009
 -4.959608162126292E-011  4.318214275696101E-011
         169  1.987269641222009E-009  5.419507811479600E-009
 -3.236548468936988E-009 -3.972498103625249E-010
 -2.104292058078325E-011  9.280502153910420E-011
         170  5.676991940068768E-009  2.289433127037023E-009
 -2.770808890571605E-009  3.238799022179088E-009
  4.478499465317333E-011  6.708424628399685E-011
         171  5.470796401698328E-009 -2.460621386634262E-009
  1.346348836366888E-009  4.795132278679059E-009
  4.045618482896215E-011  7.740908259278462E-012
         172  2.006676868481702E-009 -5.500752816871665E-009
  4.099335046715773E-009  2.442634467282233E-009
  3.875577257840735E-013  2.577912808820959E-012
         173 -2.644761202729894E-009 -4.658823671228529E-009
  5.203431564344179E-009 -7.363286395974587E-010
 -2.133044676879498E-011  2.098688859441909E-011
         174 -4.511139486455161E-009 -6.833019202433225E-010
  3.429734436454044E-009 -3.949507457924076E-009
 -1.698744685917856E-011  6.756419046667995E-011
         175 -2.456945355821809E-009  2.787745799944714E-009
  7.099599255763793E-010 -5.134830732159095E-009
  4.689882456302459E-011  6.983699505382076E-011
         176  1.209643283491556E-009  2.889481114433825E-009
 -2.247144541116074E-009 -5.251464258099203E-009
  5.328278126814884E-011  2.597268327818269E-011
         177  3.250099322333784E-009 -2.001680887427248E-011
 -6.277695762028218E-009 -3.361536429154121E-009
  3.808571241748290E-011  2.131310786120543E-011
         178  1.577161219745647E-009 -3.589044356964814E-009
 -7.494677752616105E-009  2.029844584774028E-009
  4.500190425241296E-011  2.409699239103235E-011
         179 -2.658209874476304E-009 -4.106860332066870E-009
 -4.314362079605341E-009  6.958778799028765E-009
  5.394737283250329E-011  1.716730146166415E-011
         180 -5.702882213499840E-009 -5.184659086967327E-010
  1.617061322109196E-009  8.178062069918481E-009
  6.237913506826230E-011  2.153517211767346E-012
         181 -4.632550468685073E-009  4.405951166140872E-009
  6.560312228446455E-009  4.626670283225938E-009
  5.803991193786170E-011 -1.641039804410850E-011
         182  6.590998835070516E-011  6.760298365597584E-009
  7.251632790817890E-009 -9.828564092024833E-010
  4.630504338365727E-011 -2.727102523262407E-011
         183  4.970725480341392E-009  4.497814883083638E-009
  4.041811170633715E-009 -5.023791487055727E-009
  3.630975612266618E-011 -2.482486837755230E-011
         184  6.474301510340366E-009 -2.862679276298705E-010
 -2.786139516224066E-010 -5.147974590838791E-009
  4.551336878998147E-011 -2.713759684486394E-011
         185  3.736913471325763E-009 -4.558472533875590E-009
 -2.718666683740712E-009 -3.166213440258871E-009
  3.855841214239007E-011 -5.806758906263648E-011
         186 -6.128859346566350E-010 -5.227931576238053E-009
 -3.626591191117544E-009 -5.158640841337307E-010
 -3.321382561464562E-012 -4.738045101618313E-011
         187 -3.733233756798806E-009 -2.308106479879025E-009
 -2.636907276555595E-009  2.394827955081632E-009
  9.440370881416996E-012 -1.752021204153655E-011
         188 -3.354472384855463E-009  1.359987303033240E-009
  7.655239756746104E-010  2.850282477391261E-009
  2.442560067483210E-011 -3.530968256283732E-011
         189 -7.155068715658014E-010  2.878600970595778E-009
  1.702254133987913E-009  9.753219792319502E-010
  2.316736801880302E-011 -4.029942773271185E-011
         190  1.764230685478903E-009  1.814296314125557E-009
  1.831475673476730E-009  1.753978669725481E-011
  2.347339029714636E-011 -7.434940285849206E-011
         191  2.568523348601949E-009 -4.346687515940771E-010
  1.606072641076143E-009 -1.056970080427789E-009
 -3.743639502269719E-011 -8.263900225268887E-011
         192  1.139400127936592E-009 -2.454247503981766E-009
  1.129609607454855E-009 -1.480968929041803E-009
 -5.009500586321639E-011 -3.224876243845583E-011
         193 -1.297639432027285E-009 -2.266371854971096E-009
  1.651992761035648E-009 -2.570559162554926E-009
 -3.014061888279290E-011 -3.013894412421653E-011
         194 -2.149195973805502E-009 -5.079546023654119E-010
 -9.562947882890485E-010 -5.292606598956314E-009
 -4.175589396716729E-011 -2.458979578847829E-011
         195 -1.374793713105111E-009  7.767879457274486E-010
 -5.835013611774205E-009 -3.951834372971669E-009
 -3.585851213770822E-011 -1.116290207724457E-011
         196 -3.865981595038131E-010  8.256124681971909E-010
 -8.400621420102218E-009  1.530304913820458E-009
 -3.560886430510753E-011 -1.197455579002341E-011
         197 -3.380402693547923E-010  5.488170620166954E-011
 -5.552442464152727E-009  8.168333493535027E-009
 -2.790909365970392E-011 -8.020700979948313E-013
         198 -1.277855960922201E-009  1.328775124838535E-010
  2.283221822271883E-009  1.062339980908445E-008
 -1.562100828902172E-011 -1.270730167744482E-011
         199 -1.991580640178539E-009  1.828443085135232E-009
  9.587916859630211E-009  5.723020743462313E-009
 -3.095654559320127E-011 -3.111782429146114E-011
         200 -3.006875015129823E-010  3.773381259563104E-009
  1.072332572604864E-008 -2.905662901191843E-009
 -5.927040815950027E-011 -2.251054256845654E-011
         201  3.044464873482350E-009  3.974389375430026E-009
  5.447437213640223E-009 -9.379085252282258E-009
 -7.207489638011639E-011  8.337845354559456E-012
         202  5.892857311682356E-009  9.978938095458962E-010
 -2.622957452029418E-009 -1.023117767895042E-008
 -5.226947243380845E-011  3.312027089665066E-011
         203  5.512747356499243E-009 -3.790035607784356E-009
 -8.793908851888940E-009 -5.482115817391924E-009
 -3.837047726655225E-011  3.313791463976596E-011
         204  1.590483964458610E-009 -7.227273606265777E-009
 -1.005921812128902E-008  2.495201054003344E-009
 -3.009767019201758E-011  3.716117493494737E-011
         205 -4.088295278319019E-009 -6.512613653494260E-009
 -4.441356701454287E-009  8.724061930338436E-009
 -2.493940829917192E-011  2.688494701160588E-011
         206 -7.942443418134793E-009 -1.592242350546479E-009
  2.983273644258583E-009  8.395221298443679E-009
 -4.371513312166160E-011  3.749528217633008E-011
         207 -6.548486680440643E-009  4.944270886636653E-009
  7.750530706843378E-009  3.349150990537344E-009
 -2.221787269238409E-011  7.365776732604011E-011
         208 -4.488233975940477E-010  8.060429340563937E-009
  7.402481677364766E-009 -3.780056768743775E-009
  1.593179968708082E-011  5.173437275940160E-011
         209  5.965916706426092E-009  5.395439434303353E-009
  1.134806840738437E-009 -7.810811701310910E-009
  2.656274426070973E-012  3.683861450915906E-011
         210  7.732124161754308E-009 -1.288584470811996E-009
 -4.389682500223749E-009 -4.890315443893639E-009
  8.621485352503903E-012  3.504384178975913E-011
         211  3.904963296017903E-009 -7.159788107346313E-009
 -6.082531488961009E-009 -9.495643160268275E-010
 -1.093300623692440E-011  3.721955903907858E-011
         212 -3.357416993901970E-009 -7.501519441617472E-009
 -5.423785541949044E-009  3.524999440791057E-009
  1.830791683256771E-012  7.868954382660841E-011
         213 -8.145912263016306E-009 -1.942314681165105E-009
 -1.541968351523985E-009  6.242376149486795E-009
  5.720889248910490E-011  6.655948407963354E-011
         214 -6.642549240862203E-009  5.025178599964728E-009
  2.802417520758803E-009  5.525303027456056E-009
  6.257470884757298E-011  3.041650510842788E-011
         215 -4.995410146302545E-010  8.045304323728665E-009
  5.868271195568772E-009  2.855367817421966E-009
  6.412349592914049E-011  1.191436131555550E-011
         216  5.569210405740247E-009  5.468434915410517E-009
  6.453698782898333E-009 -2.476626885309718E-009
  4.655030249082662E-011 -1.239032149386252E-011
         217  7.520868025655451E-009 -7.107359564961175E-010
  1.913638317960343E-009 -6.246949171290990E-009
  2.230184001162838E-011 -4.349366215102200E-012
         218  3.789247173047194E-009 -5.842925513145563E-009
 -3.334017762348579E-009 -4.648772964640003E-009
  2.576930975512038E-011  1.460802747245845E-011
         219 -2.316269327160529E-009 -6.058467612471014E-009
 -5.022555379220810E-009  1.018411964281714E-010
  4.478651608441125E-011  1.690391110319645E-011
         220 -5.804303732079586E-009 -1.320359788544559E-009
 -2.479808843221503E-009  3.815686464597263E-009
  5.926599626688888E-011  3.146638341997948E-012
         221 -4.195018947356071E-009  4.177849972181789E-009
  1.662508782727643E-009  4.123810133082671E-009
  6.607856763942168E-011 -1.716726227262484E-011
         222  1.243421512204433E-009  5.788069641295201E-009
  4.393982881005561E-009  1.229601940121613E-009
  6.015243221750262E-011 -4.511548095799836E-011
         223  5.936413043912947E-009  2.759759619296731E-009
  3.628763853377737E-009 -2.474584976201929E-009
  2.957848488888436E-011 -6.806107863869241E-011
         224  6.318303339313800E-009 -3.306077643956085E-009
  1.055720619977321E-009 -3.793532719380732E-009
 -6.948278226382996E-012 -4.553442384117914E-011
         225  2.041037438025757E-009 -7.366531131740892E-009
 -1.088203942636324E-009 -3.833132417776158E-009
 -1.934145706392958E-012 -2.313864032072396E-011
         226 -4.171311015187013E-009 -6.681096258995608E-009
 -3.746929240368441E-009 -2.504660676553423E-009
  1.311445286924410E-011 -6.678700673833327E-012
         227 -7.337697473765794E-009 -2.358931536958852E-009
 -3.812885466288175E-009  9.558610903300417E-010
  4.728021317958989E-011 -2.657492107747510E-011
         228 -7.186454838057386E-009  3.093738458345812E-009
 -1.978804087034424E-009  1.741024423944555E-009
  3.315108691240738E-011 -7.829032924846488E-011
         229 -3.511970730582750E-009  6.670247956378604E-009
 -1.645461584992719E-009  2.167498649252503E-009
 -2.947519586465101E-011 -7.777044823135267E-011
         230  1.681647826416685E-009  7.068250915670503E-009
 -8.135190323099215E-010  2.975794793470143E-009
 -3.794394987115028E-011 -3.763070972241368E-011
         231  5.014299719544251E-009  3.923092639668963E-009
  3.622925660062367E-010  3.560082509080754E-009
 -3.064177957624573E-011 -1.809691470790255E-011
         232  5.371672605623366E-009  1.318286744671068E-011
  3.099766887696111E-009  4.897369448250086E-009
 -1.519834702132584E-012 -1.614035630824393E-011
         233  3.543123852883083E-009 -2.570291762363379E-009
  7.714653070218608E-009  1.562769560987215E-009
  4.048499431735789E-013 -5.291714927250120E-011
         234  1.040662933105182E-009 -2.931076298205535E-009
  7.086198498843324E-009 -5.175265364499321E-009
 -4.267676742308634E-011 -7.047616818414767E-011
         235 -2.900325938388596E-010 -1.984772713178676E-009
  1.600615772714055E-009 -8.867940640385028E-009
 -7.908452690833719E-011 -3.564305819315450E-011
         236 -2.453552694438680E-011 -1.153744682201116E-009
 -4.664639976847100E-009 -7.426247871201905E-009
 -7.443067956182636E-011  5.524102094940847E-013
         237  2.151959757522888E-010 -1.502020833797913E-009
 -7.914905804003655E-009 -2.144176784832524E-009
 -5.663932580641545E-011  2.170941693424613E-011
         238 -7.206293201218017E-010 -2.210440694482389E-009
 -6.224773283009527E-009  3.233602335503284E-009
 -3.736340460283357E-011  2.332718753951494E-011
         239 -2.222820018251102E-009 -1.734039433786468E-009
 -2.272126518253965E-009  5.039265031940432E-009
 -3.075244677655890E-011  2.162394783324882E-011
         240 -3.033932757640459E-009 -1.894633166983780E-010
  8.346355773739140E-010  4.194346886766809E-009
 -2.179728571254924E-011  1.749732248158813E-011
         241 -2.390575966549247E-009  1.694193423239319E-009
  2.391385680840542E-009  2.338995188431273E-009
 -2.618189310534900E-011  9.066982072898775E-012
         242 -9.393305153091890E-010  2.566732373737352E-009
  2.731265530865153E-009  3.658726513967723E-010
 -3.448983736559127E-011  9.279288145265269E-012
         243  7.453200527040367E-010  2.306848598341128E-009
  1.646346659481878E-009 -1.417723715073480E-009
 -5.005473453733151E-011  2.160912081849217E-011
         244  1.652228971680250E-009  8.778197866659876E-010
 -3.815748090251695E-011 -1.301167179781846E-009
 -4.779449986166808E-011  5.535091205096676E-011
         245  1.091409415451668E-009 -2.539851325648969E-010
 -6.366665382475968E-010 -4.422961376585191E-010
 -4.653459345430260E-012  7.319185166295613E-011
         246  1.737680429168545E-010 -2.439994461886692E-010
 -6.977430653048055E-010  3.994198729201309E-010
  1.975408809167328E-011  4.400960302911660E-011
         247 -6.456327657909473E-011  1.890866608093105E-010
  4.333387282071804E-010  3.960888359489134E-010
  1.346756561368343E-011  2.032903789755556E-011
         248  4.110589232702630E-010  8.331529460564799E-010
 -3.134812215298996E-010 -9.411664578945022E-010
 -1.103834275263754E-011  2.157875968099267E-011
         249  1.472247980274718E-009  3.925396298158413E-010
 -1.756785764825963E-009  8.633225977046906E-010
 -8.473483710115498E-012  4.661688216110745E-011
         250  1.596514918053117E-009 -1.200717262051294E-009
  3.195344140282853E-010  2.649841570696181E-009
  1.659113813923195E-011  5.998160846051215E-011
         251 -1.186201718789700E-010 -1.824129405088464E-009
  2.479407540343371E-009  1.400664339604633E-009
  4.383312628340610E-011  3.705558272891307E-011
         252 -1.296305066272788E-009 -8.894189537404242E-010
  2.827048819320366E-009 -9.139164460279046E-010
  3.511443583467176E-011  1.621252018253545E-011
         253 -1.051138032309203E-009  5.685747978404918E-010
  1.542399746936430E-009 -2.973769890444392E-009
  2.379437584747706E-011  9.271063841210814E-012
         254 -3.344662258852757E-011  1.048558327784120E-009
 -1.423717643332837E-009 -2.962155999276215E-009
  1.848504594433208E-011  2.180895490944115E-011
         255  1.346745872342035E-009  4.542709147829820E-010
 -2.356967446671234E-009 -4.757451283757410E-010
  3.085753240922317E-011  2.351168638674429E-011
         256  1.343135261447752E-009 -1.034396635584036E-009
 -1.605183876750822E-009  3.254516926631157E-010
  3.869681585088645E-011  1.852017906928758E-011
