 VERSION172
   5120.00000000000     
         256
  8.994473019507991E-004  -51.6753000000000       -58.0637000000000     
  -22.4900000000000       -68.0900000000000        5771.10000000000     
           0  0.000000000000000E+000  0.000000000000000E+000
  0.000000000000000E+000  0.000000000000000E+000
  0.000000000000000E+000  0.000000000000000E+000
           1  0.000000000000000E+000  0.000000000000000E+000
  1.332008193514718E-010 -1.191758660649568E-011
  2.936555534750404E-011 -1.099413452607304E-012
           2  0.000000000000000E+000  0.000000000000000E+000
  1.354412481783261E-010 -3.348437720704657E-011
  3.320351537759708E-011 -2.152170537364358E-012
           3  0.000000000000000E+000  0.000000000000000E+000
  1.321361414392932E-010 -5.755335335830594E-011
  3.998370349861806E-011 -8.400417186295026E-012
           4  0.000000000000000E+000  0.000000000000000E+000
  1.189880801133345E-010 -7.751784946055377E-011
  4.506636752414187E-011 -2.421699795792976E-011
           5  0.000000000000000E+000  0.000000000000000E+000
  1.088647844525139E-010 -8.607055752387941E-011
  3.616647664474355E-011 -4.840256040610388E-011
           6  0.000000000000000E+000  0.000000000000000E+000
  1.151317741093887E-010 -1.190460305066616E-010
  4.420812888001193E-012 -6.113610672638114E-011
           7  0.000000000000000E+000  0.000000000000000E+000
  4.326277716604202E-011 -1.411451901425340E-010
 -2.749666366443380E-011 -5.079259717944727E-011
           8  0.000000000000000E+000  0.000000000000000E+000
  3.115100710047108E-011 -8.325208869939042E-011
 -5.690320187224323E-011 -1.111304677890412E-011
           9  0.000000000000000E+000  0.000000000000000E+000
  9.094900798321470E-011 -6.876955074808844E-011
 -3.669731590978437E-011  5.555193034322411E-011
          10  0.000000000000000E+000  0.000000000000000E+000
  1.625059270440353E-010 -1.392281462388575E-010
  4.921475348801920E-011  8.571700349824499E-011
          11  0.000000000000000E+000  0.000000000000000E+000
  1.505118441869776E-010 -3.554820872883934E-010
  1.528775914522660E-010  2.792025738983580E-011
          12  0.000000000000000E+000  0.000000000000000E+000
 -1.945394523701689E-010 -4.120692402391896E-010
  1.832433540962081E-010 -1.517109721127312E-010
          13  0.000000000000000E+000  0.000000000000000E+000
 -3.410521039461608E-010 -1.558239674413573E-010
  4.397526515494923E-012 -2.932202074053046E-010
          14  0.000000000000000E+000  0.000000000000000E+000
 -2.566692892193868E-010  5.604997110756545E-011
 -2.316538070777044E-010 -2.239710225401678E-010
          15  0.000000000000000E+000  0.000000000000000E+000
 -7.341964152211039E-011  1.186204384771368E-010
 -3.309004321980468E-010  1.652682386747103E-011
          16  0.000000000000000E+000  0.000000000000000E+000
  7.991724195763851E-011 -3.866609332279584E-012
 -2.003274025697854E-010  2.570671448424451E-010
          17  0.000000000000000E+000  0.000000000000000E+000
 -1.147031495986208E-011 -1.768106551043828E-010
  8.178160908782662E-011  2.961176258382617E-010
          18  0.000000000000000E+000  0.000000000000000E+000
 -1.373168885115714E-010 -1.686585467360501E-010
  2.712696091181273E-010  1.047515319190089E-010
          19  0.000000000000000E+000  0.000000000000000E+000
 -2.201881666031891E-010 -1.127369830973584E-010
  2.510058852188889E-010 -1.558538476543300E-010
          20  0.000000000000000E+000  0.000000000000000E+000
 -2.679252718370249E-010 -2.050604170907929E-011
  3.791127975973025E-011 -3.101257567959758E-010
          21  0.000000000000000E+000  0.000000000000000E+000
 -2.655968399706215E-010  9.239845347218162E-011
 -2.198297293540495E-010 -2.488490554478050E-010
          22  0.000000000000000E+000  0.000000000000000E+000
 -1.739201416859890E-010  2.277160337966095E-010
 -3.489154110444660E-010 -1.118057077612933E-011
          23  0.000000000000000E+000  0.000000000000000E+000
  2.882477876472776E-011  1.722343486387413E-010
 -2.349517815148494E-010  2.586662584560457E-010
          24  0.000000000000000E+000  0.000000000000000E+000
  2.930309931525393E-011  5.767482210851147E-012
  5.014052859233722E-011  3.071508049184358E-010
          25  0.000000000000000E+000  0.000000000000000E+000
 -9.973192542079144E-011 -5.753460564837672E-011
  2.318442775779464E-010  1.136265433170653E-010
          26  0.000000000000000E+000  0.000000000000000E+000
 -2.459982869646607E-010  2.022661498444436E-011
  1.735504445648777E-010 -1.247078825112784E-010
          27  0.000000000000000E+000  0.000000000000000E+000
 -2.960263165213453E-010  2.940109121856811E-010
 -5.996772508243138E-011 -1.960042918122835E-010
          28  0.000000000000000E+000  0.000000000000000E+000
  1.416303467352033E-010  4.178169060827020E-010
 -2.206109182869107E-010  2.840601601869933E-011
          29  0.000000000000000E+000  0.000000000000000E+000
  2.263374520191565E-010  5.898691648262253E-011
 -4.337922839263295E-011  1.994795002164591E-010
          30  0.000000000000000E+000  0.000000000000000E+000
  3.442764574076839E-011 -5.823114143851988E-011
  1.280874367925811E-010  1.228484882609273E-010
          31  0.000000000000000E+000  0.000000000000000E+000
 -1.143858979356336E-010  1.154141310672403E-011
  1.535908021843732E-010 -3.589266084752214E-011
          32  0.000000000000000E+000  0.000000000000000E+000
 -1.820911445186584E-010  1.927310848591331E-010
  3.547819508173591E-011 -1.537216775660780E-010
          33  0.000000000000000E+000  0.000000000000000E+000
  8.903297964311631E-011  4.365866282555432E-010
 -1.574497302688588E-010 -9.067944940065278E-011
          34  0.000000000000000E+000  0.000000000000000E+000
  3.176977207466637E-010  1.406343320483747E-010
 -1.480906010910986E-010  8.630255011345116E-011
          35  0.000000000000000E+000  0.000000000000000E+000
  1.949667044651743E-010 -1.332319203853991E-011
 -7.937026043567777E-011  1.648338302422671E-010
          36  0.000000000000000E+000  0.000000000000000E+000
  1.171390327429901E-010 -1.286681511492687E-011
  3.669025547722146E-011  2.355719345409044E-010
          37  0.000000000000000E+000  0.000000000000000E+000
  8.657422667721459E-011 -5.647967144432932E-012
  2.308130264703522E-010  1.926003665392094E-010
          38  0.000000000000000E+000  0.000000000000000E+000
  5.653448206720510E-011  2.973418309285844E-011
  3.454802384587719E-010 -3.123541026926951E-011
          39  0.000000000000000E+000  0.000000000000000E+000
  1.156871493691232E-010  4.722475752799287E-011
  2.362051634833533E-010 -2.898517762559913E-010
          40  0.000000000000000E+000  0.000000000000000E+000
  1.054115051087220E-010  2.598643683812372E-011
 -6.868918924815057E-011 -3.984808392713611E-010
          41  0.000000000000000E+000  0.000000000000000E+000
  1.364100867455745E-010  5.225933062901645E-011
 -3.736128871207713E-010 -1.928936608775230E-010
          42  0.000000000000000E+000  0.000000000000000E+000
  2.163091901022843E-010  2.066979870298671E-011
 -3.867988521438647E-010  1.948493841106355E-010
          43  0.000000000000000E+000  0.000000000000000E+000
  2.705208912120972E-010 -1.163089819781808E-010
 -7.384886561209938E-011  4.425467725375451E-010
          44  0.000000000000000E+000  0.000000000000000E+000
  5.925205514513814E-011 -2.780675550491231E-010
  3.014365994241103E-010  3.142173929313858E-010
          45  0.000000000000000E+000  0.000000000000000E+000
 -1.506810119459137E-011 -5.391781846419570E-011
  3.787932478776941E-010  4.167575610954597E-011
          46  0.000000000000000E+000  0.000000000000000E+000
  1.057589679247782E-010 -6.859951623442403E-011
  3.699582602923677E-010 -1.933844053725907E-010
          47  0.000000000000000E+000  0.000000000000000E+000
  8.683841696145783E-011 -1.398588771684895E-010
  1.653418969440781E-010 -4.473255064190985E-010
          48  0.000000000000000E+000  0.000000000000000E+000
  7.528340757275081E-011 -1.633607355704226E-010
 -2.166826875622572E-010 -4.503329004677490E-010
          49  0.000000000000000E+000  0.000000000000000E+000
 -5.365513287506660E-011 -3.066041503629072E-010
 -4.610941298963493E-010 -1.713299790415627E-010
          50  0.000000000000000E+000  0.000000000000000E+000
 -1.944883504659542E-010  1.784850515891572E-011
 -5.088033117587093E-010  2.563991483218149E-010
          51  0.000000000000000E+000  0.000000000000000E+000
  8.300710040157842E-011  2.067461304482034E-011
 -2.615511109669325E-011  6.104314460852173E-010
          52  0.000000000000000E+000  0.000000000000000E+000
  7.402730482245210E-011 -1.609575763260130E-010
  5.032522938378481E-010  3.032789695784217E-010
          53  0.000000000000000E+000  0.000000000000000E+000
 -3.941859439889753E-011 -1.834672253427513E-010
  4.868508024490972E-010 -2.469488933881260E-010
          54  0.000000000000000E+000  0.000000000000000E+000
 -6.278198324306434E-011 -1.670428669239142E-010
  8.163877962025512E-011 -4.918542175853459E-010
          55  0.000000000000000E+000  0.000000000000000E+000
 -2.289896511648854E-010 -1.761278853402703E-010
 -3.123546305310069E-010 -3.579295364161045E-010
          56  0.000000000000000E+000  0.000000000000000E+000
 -1.557604628163009E-010  5.705645269600654E-011
 -4.389580173975502E-010  9.537862353247676E-011
          57  0.000000000000000E+000  0.000000000000000E+000
 -3.387209638424910E-011 -2.484877407941393E-011
 -6.342058170096803E-011  3.486866653757895E-010
          58  0.000000000000000E+000  0.000000000000000E+000
 -9.482308860060662E-011 -8.709611772292970E-011
  2.396318920991085E-010  1.329465761635452E-010
          59  0.000000000000000E+000  0.000000000000000E+000
 -1.502519990329832E-010 -4.641467761203244E-011
  1.834947479510111E-010 -1.734029822756868E-010
          60  0.000000000000000E+000  0.000000000000000E+000
 -1.440819665434396E-010  1.160047469545573E-013
 -8.305356207065692E-011 -2.657697048292993E-010
          61  0.000000000000000E+000  0.000000000000000E+000
 -1.368975021534730E-010  2.452977845030085E-011
 -3.046714324228391E-010 -9.932549857702604E-011
          62  0.000000000000000E+000  0.000000000000000E+000
 -1.163955803258909E-010  4.341997204278392E-011
 -3.065773154635833E-010  1.893212216433672E-010
          63  0.000000000000000E+000  0.000000000000000E+000
 -9.532881986982845E-011  3.917584263161596E-011
 -6.278526808965071E-011  4.011111018403313E-010
          64  0.000000000000000E+000  0.000000000000000E+000
 -1.185617365608707E-010  1.147053608507087E-011
  3.145853726967511E-010  3.304517318047456E-010
          65  0.000000000000000E+000  0.000000000000000E+000
 -2.012525676541543E-010  8.007378097521530E-011
  4.982615169244321E-010 -6.937944710226591E-011
          66  0.000000000000000E+000  0.000000000000000E+000
 -4.309346907450424E-011  1.685369051797205E-010
  3.012165516512716E-010 -4.753986380321407E-010
          67  0.000000000000000E+000  0.000000000000000E+000
 -1.372821664036976E-010  8.878249962699723E-011
 -2.693389530876761E-010 -7.027570381818070E-010
          68  0.000000000000000E+000  0.000000000000000E+000
 -6.361182331968081E-011  2.401067911522097E-010
 -8.718251105603922E-010 -1.336293106933198E-010
          69  0.000000000000000E+000  0.000000000000000E+000
  7.099954157827977E-011  1.527913165537097E-010
 -5.996699718711247E-010  6.656677365756839E-010
          70  0.000000000000000E+000  0.000000000000000E+000
 -1.416878662816384E-011  6.580399218909963E-011
  1.391732257377431E-010  8.310520914745718E-010
          71  0.000000000000000E+000  0.000000000000000E+000
  9.819697081886424E-012  2.322707428017367E-010
  6.554708101944032E-010  4.442955487548444E-010
          72  0.000000000000000E+000  0.000000000000000E+000
  8.953977522934937E-011  2.863265870548441E-011
  7.753934585322166E-010 -2.544985273438054E-010
          73  0.000000000000000E+000  0.000000000000000E+000
 -1.277479975514417E-011  1.340685137385249E-010
  1.554863534529542E-010 -6.638483959331090E-010
          74  0.000000000000000E+000  0.000000000000000E+000
  1.036705873830274E-010  1.319105651550560E-010
 -2.904705708786258E-010 -4.105231593477483E-010
          75  0.000000000000000E+000  0.000000000000000E+000
  7.106689162326484E-011  4.631755267521115E-011
 -4.027331075417618E-010 -1.295136598864117E-010
          76  0.000000000000000E+000  0.000000000000000E+000
 -4.119172836988559E-012  1.305118412502083E-010
 -4.240659596732830E-010  1.526202513823687E-010
          77  0.000000000000000E+000  0.000000000000000E+000
  1.861576705649308E-010  1.857197333621625E-010
 -1.888568673089494E-010  4.637559796137357E-010
          78  0.000000000000000E+000  0.000000000000000E+000
  1.851769030947910E-010  6.632904796355582E-011
  1.772468838227404E-010  4.335014519414423E-010
          79  0.000000000000000E+000  0.000000000000000E+000
  2.130432800815510E-010  2.372810174887804E-011
  4.422809259175165E-010  2.336239388415820E-010
          80  0.000000000000000E+000  0.000000000000000E+000
  1.850152882274736E-010 -5.882204314034295E-011
  4.908470019941414E-010 -1.791492733732973E-010
          81  0.000000000000000E+000  0.000000000000000E+000
  1.303605295447638E-010 -8.549631983700538E-011
  1.530500448177599E-010 -4.562961724967561E-010
          82  0.000000000000000E+000  0.000000000000000E+000
  5.521772796166051E-011 -8.443034836967449E-011
 -2.378313342017823E-010 -3.329031068916765E-010
          83  0.000000000000000E+000  0.000000000000000E+000
  8.702846877509154E-011 -1.713832910431295E-011
 -2.944020385237903E-010  4.874745491034831E-011
          84  0.000000000000000E+000  0.000000000000000E+000
  7.955006265131127E-011 -4.436299444680473E-011
 -5.833014427755500E-011  1.430236926683428E-010
          85  0.000000000000000E+000  0.000000000000000E+000
  1.102528090091740E-010  6.079052014911143E-012
  5.389802624770298E-012  9.526436088283500E-011
          86  0.000000000000000E+000  0.000000000000000E+000
  2.285701230434096E-010 -5.913760691004564E-011
  8.623841603167794E-011  9.484810818777559E-011
          87  0.000000000000000E+000  0.000000000000000E+000
  1.760461698087483E-010 -3.030217428579296E-010
  1.571024264612251E-010 -5.559197232084098E-011
          88  0.000000000000000E+000  0.000000000000000E+000
 -8.621107586054687E-011 -1.902019277967601E-010
 -4.344984793493405E-011 -1.216121264207121E-010
          89  0.000000000000000E+000  0.000000000000000E+000
 -6.173176039503919E-011 -1.378102999425073E-010
 -3.080670709810359E-011 -2.783089521395797E-011
          90  0.000000000000000E+000  0.000000000000000E+000
 -8.184094866004249E-011 -1.544255605738897E-011
 -1.304525686034902E-010  2.383874953186375E-011
          91  0.000000000000000E+000  0.000000000000000E+000
  9.302314870398999E-011  2.083650682716451E-011
  2.816182129832366E-011  2.873045851366352E-010
          92  0.000000000000000E+000  0.000000000000000E+000
  1.885771522425374E-010 -1.810911318339916E-010
  4.751632890546697E-010  1.085883689548270E-010
          93  0.000000000000000E+000  0.000000000000000E+000
 -7.017768085961571E-011 -4.021949894788813E-010
  4.175515848769312E-010 -5.341861620333280E-010
          94  0.000000000000000E+000  0.000000000000000E+000
 -2.409029145196144E-010 -1.327399752074667E-010
 -2.557132878340263E-010 -6.761746131457612E-010
          95  0.000000000000000E+000  0.000000000000000E+000
 -2.191274027915974E-010 -2.343257850939375E-011
 -7.463463848866800E-010 -3.321504219559417E-010
          96  0.000000000000000E+000  0.000000000000000E+000
 -8.473671677733440E-011  1.044622300648413E-010
 -8.704705157133575E-010  4.914122979948973E-010
          97  0.000000000000000E+000  0.000000000000000E+000
  9.208916823467627E-011 -1.111913071010264E-011
 -4.193278139559114E-011  1.099920540366328E-009
          98  0.000000000000000E+000  0.000000000000000E+000
  2.995203946858452E-011 -2.341246975035214E-010
  9.266954853441438E-010  6.230993329896261E-010
          99  0.000000000000000E+000  0.000000000000000E+000
 -2.276425833123053E-010 -2.138010785065028E-010
  9.961748700299951E-010 -3.912614555616681E-010
         100  0.000000000000000E+000  0.000000000000000E+000
 -2.824464420988002E-010 -6.538016490669404E-011
  3.352305721168867E-010 -1.004948786141504E-009
         101  0.000000000000000E+000  0.000000000000000E+000
 -2.629757351677407E-010  6.003270360265689E-011
 -5.505850947062733E-010 -9.060852725350618E-010
         102  0.000000000000000E+000  0.000000000000000E+000
 -1.964464245459907E-010  1.291912611516935E-010
 -1.020612060406360E-009 -2.016334605816472E-010
         103  0.000000000000000E+000  0.000000000000000E+000
 -1.243978451838332E-010  1.855420076113306E-010
 -8.389735677973770E-010  6.047541846122516E-010
         104  0.000000000000000E+000  0.000000000000000E+000
  4.248091612685811E-011  1.350864290578630E-010
 -7.554365871866971E-011  1.006192835349561E-009
         105  0.000000000000000E+000  0.000000000000000E+000
  3.117113866302883E-012  1.515074893782948E-011
  6.311899304541441E-010  6.782188150175531E-010
         106  0.000000000000000E+000  0.000000000000000E+000
 -6.674860854328650E-011 -6.416820656151884E-011
  9.648538667703652E-010 -4.592969583817079E-011
         107  0.000000000000000E+000  0.000000000000000E+000
 -2.394046431763109E-010 -5.893786615793686E-014
  4.608093307660078E-010 -8.624697818904582E-010
         108  0.000000000000000E+000  0.000000000000000E+000
 -2.501279828517008E-010  2.153408114159182E-010
 -5.094145417647828E-010 -7.509866459371369E-010
         109  0.000000000000000E+000  0.000000000000000E+000
 -3.753623775061710E-011  3.851288823033406E-010
 -7.762123398940719E-010  9.281017838616338E-011
         110  0.000000000000000E+000  0.000000000000000E+000
  1.679624537822514E-010  1.502884520413565E-010
 -2.440986830961529E-010  5.095060076348203E-010
         111  0.000000000000000E+000  0.000000000000000E+000
  1.089803027100151E-010  5.504339743162702E-011
  1.829163878039746E-010  4.736319195343340E-010
         112  0.000000000000000E+000  0.000000000000000E+000
 -1.814853555966804E-011 -2.580014505086992E-011
  4.818126259832734E-010 -1.651581306900351E-011
         113  0.000000000000000E+000  0.000000000000000E+000
 -1.300535005718811E-010  1.206958834364520E-010
  1.158811901712483E-011 -4.066515257678232E-010
         114  0.000000000000000E+000  0.000000000000000E+000
 -3.383973691209365E-011  2.723310024428644E-010
 -3.902440124526924E-010 -2.406920322114749E-011
         115  0.000000000000000E+000  0.000000000000000E+000
  2.099860186518075E-010  2.801970590405592E-010
 -1.088721935590106E-010  3.861849825239308E-010
         116  0.000000000000000E+000  0.000000000000000E+000
  2.054346621331298E-010  5.743212900972857E-011
  1.907596824960211E-010  2.317756642833562E-010
         117  0.000000000000000E+000  0.000000000000000E+000
  1.513999932208142E-010 -2.820607690757011E-012
  3.311606213806746E-010  1.040400114328009E-010
         118  0.000000000000000E+000  0.000000000000000E+000
  5.224034833342425E-011  2.284526437619484E-011
  2.770648335986234E-010 -2.127685918732008E-010
         119  0.000000000000000E+000  0.000000000000000E+000
  9.269104888622338E-011  1.012319263785571E-010
  3.666077241308710E-011 -2.399453546615168E-010
         120  0.000000000000000E+000  0.000000000000000E+000
  1.626744054188615E-010  7.885613640186691E-011
 -2.409894465439441E-011 -2.182108389389297E-010
         121  0.000000000000000E+000  0.000000000000000E+000
  1.724104600107206E-010  1.218795791794732E-011
 -2.222436221091419E-010 -2.723849869113425E-010
         122  0.000000000000000E+000  0.000000000000000E+000
  1.578786330615251E-010  1.549383624551092E-011
 -5.202291561552453E-010  2.195974778218820E-011
         123  0.000000000000000E+000  0.000000000000000E+000
  2.108728651460025E-010 -2.047238098163636E-012
 -3.442166515938804E-010  5.751438606627547E-010
         124  0.000000000000000E+000  0.000000000000000E+000
  2.362237657705956E-010 -9.217669471733549E-011
  3.191011000705254E-010  6.936599140679629E-010
         125  0.000000000000000E+000  0.000000000000000E+000
  1.880642036676744E-010 -2.055866541035709E-010
  7.621778711253595E-010  1.886121718186036E-010
         126  0.000000000000000E+000  0.000000000000000E+000
  2.044052309901491E-011 -1.908590039143219E-010
  6.417305353734544E-010 -3.717348315192022E-010
         127  0.000000000000000E+000  0.000000000000000E+000
  8.531779656063640E-013 -1.316926403619019E-010
  2.999444193117818E-010 -7.716021576586201E-010
         128  0.000000000000000E+000  0.000000000000000E+000
  3.586707139704204E-011 -4.412661629170452E-011
 -4.034646307315156E-010 -7.316395826768916E-010
         129  0.000000000000000E+000  0.000000000000000E+000
  1.020721039136098E-010 -9.858220451612268E-011
 -6.851494773451907E-010 -2.624527306039458E-010
         130  0.000000000000000E+000  0.000000000000000E+000
  9.892335913632545E-011 -1.344207832422175E-010
 -7.893495990431950E-010  1.954146644084078E-010
         131  0.000000000000000E+000  0.000000000000000E+000
  6.614460658429836E-011 -2.445415146465818E-010
 -5.164691000887636E-010  8.863466345265331E-010
         132  0.000000000000000E+000  0.000000000000000E+000
 -2.551307977708580E-013 -2.189546472631682E-010
  5.663858676653282E-010  1.156998439142030E-009
         133  0.000000000000000E+000  0.000000000000000E+000
 -9.852325795800111E-011 -2.177673393832594E-010
  1.299006368689500E-009  1.094679716466175E-010
         134  0.000000000000000E+000  0.000000000000000E+000
 -1.162727740352074E-010 -1.838080579606640E-010
  9.495922682909768E-010 -9.320257940205711E-010
         135  0.000000000000000E+000  0.000000000000000E+000
 -1.862407157058867E-010 -1.226196228769885E-010
 -1.962581378093971E-010 -1.456564755432956E-009
         136  0.000000000000000E+000  0.000000000000000E+000
 -1.278175381961584E-010 -5.284298438170733E-011
 -1.359274586817054E-009 -6.041002335948218E-010
         137  0.000000000000000E+000  0.000000000000000E+000
 -9.412231254180685E-011 -5.422078898776525E-011
 -1.069251155232172E-009  8.078217490401247E-010
         138  0.000000000000000E+000  0.000000000000000E+000
 -1.177802342524490E-010 -1.159601800089561E-010
  1.231109225646540E-010  1.026295276068773E-009
         139  0.000000000000000E+000  0.000000000000000E+000
 -1.816962851926225E-010 -1.018837018022451E-010
  7.315146403527699E-010  3.599564619853021E-010
         140  0.000000000000000E+000  0.000000000000000E+000
 -2.441549655144336E-010 -3.546040164807761E-011
  5.440082191066647E-010 -3.832666990465643E-010
         141  0.000000000000000E+000  0.000000000000000E+000
 -2.267354725198567E-010  7.769344104987427E-011
 -6.820667347563404E-011 -5.412573476067552E-010
         142  0.000000000000000E+000  0.000000000000000E+000
 -1.216909284493546E-010  1.113583402455835E-010
 -4.310546713231907E-010 -1.979831221007867E-010
         143  0.000000000000000E+000  0.000000000000000E+000
 -7.294972986924971E-011  6.866900821437554E-011
 -3.883157014329617E-010  2.739077818879831E-010
         144  0.000000000000000E+000  0.000000000000000E+000
 -1.024243578609189E-010  7.351346349212514E-012
  6.359824407510645E-011  4.398296368842157E-010
         145  0.000000000000000E+000  0.000000000000000E+000
 -1.538096715082414E-010  3.016015643633198E-011
  4.018620313910070E-010  2.099047800406869E-010
         146  0.000000000000000E+000  0.000000000000000E+000
 -2.050487392326827E-010  5.562061654884656E-011
  5.235582061849133E-010 -2.786337403240562E-010
         147  0.000000000000000E+000  0.000000000000000E+000
 -2.519324023199232E-010  2.248356855206017E-010
  2.145011814079192E-011 -8.106326475399221E-010
         148  0.000000000000000E+000  0.000000000000000E+000
 -4.454009831268654E-011  3.153870087075954E-010
 -8.982797236100444E-010 -5.714843878454421E-010
         149  0.000000000000000E+000  0.000000000000000E+000
  1.207841674320218E-010  2.177864186820724E-010
 -1.088803862504424E-009  6.192097688794250E-010
         150  0.000000000000000E+000  0.000000000000000E+000
  6.761889125940908E-011  5.805496644828195E-011
 -1.580407404409040E-010  1.220978879043667E-009
         151  0.000000000000000E+000  0.000000000000000E+000
 -7.444108251721098E-012  3.167041572995652E-011
  8.673177808772774E-010  1.022472875288416E-009
         152  0.000000000000000E+000  0.000000000000000E+000
 -1.604996165982883E-010  7.175701135622185E-011
  1.470857595193907E-009 -1.358002500221654E-010
         153  0.000000000000000E+000  0.000000000000000E+000
 -1.031709407131655E-010  3.557772572822743E-010
  6.477969493374082E-010 -1.318021591187165E-009
         154  0.000000000000000E+000  0.000000000000000E+000
  1.668298598232982E-010  3.531435967205392E-010
 -7.347194508043161E-010 -1.084810632242102E-009
         155  0.000000000000000E+000  0.000000000000000E+000
  2.583851074116355E-010  1.393051312621026E-010
 -1.006951129106238E-009 -1.171639401079449E-010
         156  0.000000000000000E+000  0.000000000000000E+000
  1.945639949173283E-010  5.748858029691821E-011
 -7.696262460868440E-010  5.656207144021810E-010
         157  0.000000000000000E+000  0.000000000000000E+000
  1.139606384475612E-010  1.639041498994932E-011
 -1.127815552122102E-010  8.411179910962116E-010
         158  0.000000000000000E+000  0.000000000000000E+000
  8.259096140549713E-011  1.332781613166732E-010
  3.098685715323037E-010  6.540614430745236E-010
         159  0.000000000000000E+000  0.000000000000000E+000
  2.267944775535842E-010  1.366324021970362E-010
  6.413852405940255E-010  4.821137694179106E-010
         160  0.000000000000000E+000  0.000000000000000E+000
  2.774484372752188E-010 -1.329981304321331E-013
  1.020593001732913E-009 -7.421893397865446E-011
         161  0.000000000000000E+000  0.000000000000000E+000
  2.002002115601946E-010 -7.399321678616414E-011
  6.541828361503035E-010 -9.391117869061656E-010
         162  0.000000000000000E+000  0.000000000000000E+000
  1.642084771835458E-010 -5.774592196578057E-011
 -3.591213148775460E-010 -1.082057526345352E-009
         163  0.000000000000000E+000  0.000000000000000E+000
  1.868994375712580E-010 -9.507266738448298E-011
 -9.915238172580522E-010 -3.180236828004370E-010
         164  0.000000000000000E+000  0.000000000000000E+000
  9.996263768960065E-011 -1.282547825944429E-010
 -7.360120765306238E-010  5.183224819876211E-010
         165  0.000000000000000E+000  0.000000000000000E+000
  7.352895462867241E-011 -5.520062275695484E-011
 -1.055706444258112E-010  7.274603113617392E-010
         166  0.000000000000000E+000  0.000000000000000E+000
  1.777339866285256E-010 -4.375024591946668E-011
  4.328977113611480E-010  6.178070522667588E-010
         167  0.000000000000000E+000  0.000000000000000E+000
  1.926711427582525E-010 -1.301653489075778E-010
  7.106485529886230E-010  2.162743253197149E-011
         168  0.000000000000000E+000  0.000000000000000E+000
  2.290649057367676E-010 -2.103003728945518E-010
  4.204707304899743E-010 -3.578887440178839E-010
         169  0.000000000000000E+000  0.000000000000000E+000
  9.415239910769837E-011 -4.455052118936882E-010
  1.886768863865725E-010 -5.133023584127458E-010
         170  0.000000000000000E+000  0.000000000000000E+000
 -2.302712263783483E-010 -2.983965780271741E-010
 -2.531418721183597E-010 -5.955120714588616E-010
         171  0.000000000000000E+000  0.000000000000000E+000
 -1.526831295189282E-010  3.510754511847854E-012
 -7.592627408185361E-010 -2.526176579267781E-012
         172  0.000000000000000E+000  0.000000000000000E+000
  5.603132367125421E-011 -5.870243683468977E-011
 -9.297406405307190E-011  6.276021595221564E-010
         173  0.000000000000000E+000  0.000000000000000E+000
  8.589936510148203E-011 -1.727604373309987E-010
  5.002578427271125E-010  2.255679513811047E-010
         174  0.000000000000000E+000  0.000000000000000E+000
  9.567516812273826E-012 -3.804247874807117E-010
  5.275370191924832E-010 -4.776991382958133E-010
         175  0.000000000000000E+000  0.000000000000000E+000
 -3.434066524813073E-010 -3.151523234229394E-010
 -3.445082222462154E-010 -9.552683708748144E-010
         176  0.000000000000000E+000  0.000000000000000E+000
 -3.363358002406962E-010  2.192504213262566E-011
 -1.364685649430717E-009 -4.950828126184865E-011
         177  0.000000000000000E+000  0.000000000000000E+000
 -9.891125584930712E-011  3.539737228949663E-011
 -5.964576279453506E-010  1.424542594117880E-009
         178  0.000000000000000E+000  0.000000000000000E+000
 -8.949353713583555E-011 -8.999124324677236E-011
  1.020317938966344E-009  1.220165458366585E-009
         179  0.000000000000000E+000  0.000000000000000E+000
 -1.810521429516077E-010 -1.311948363447174E-010
  1.658769173450863E-009 -2.336038002308562E-010
         180  0.000000000000000E+000  0.000000000000000E+000
 -2.837936339830431E-010 -6.654522451630622E-011
  7.615249993970052E-010 -1.591569927551995E-009
         181  0.000000000000000E+000  0.000000000000000E+000
 -2.890971600326688E-010  6.033300789855649E-011
 -8.441917725293475E-010 -1.582427691084771E-009
         182  0.000000000000000E+000  0.000000000000000E+000
 -2.240818521999531E-010  1.348517531511167E-010
 -1.774180593335429E-009 -3.664465783467505E-010
         183  0.000000000000000E+000  0.000000000000000E+000
 -1.511038761541490E-010  1.305532572906727E-010
 -1.419273812336643E-009  1.108507093320802E-009
         184  0.000000000000000E+000  0.000000000000000E+000
 -1.777732971878762E-010  1.181998785678927E-010
 -1.385435227898161E-010  1.714238288241766E-009
         185  0.000000000000000E+000  0.000000000000000E+000
 -1.464160178287185E-010  2.369667516504777E-010
  1.099978243482186E-009  1.304423467437316E-009
         186  0.000000000000000E+000  0.000000000000000E+000
  1.866739879426147E-011  1.559624311868303E-010
  1.805204814767720E-009  6.234452722300131E-011
         187  0.000000000000000E+000  0.000000000000000E+000
 -1.059720007519169E-010  2.592221295802866E-011
  1.245078529267130E-009 -1.549238884538608E-009
         188  0.000000000000000E+000  0.000000000000000E+000
 -1.945358425835224E-010  1.927446733874246E-010
 -7.186656341498112E-010 -1.848470209161999E-009
         189  0.000000000000000E+000  0.000000000000000E+000
 -1.227393833333824E-010  2.692221155313257E-010
 -1.744753933921462E-009 -4.371552487211570E-010
         190  0.000000000000000E+000  0.000000000000000E+000
 -3.768394587702905E-011  4.045590444990559E-010
 -1.382650257817320E-009  1.088584014712597E-009
         191  0.000000000000000E+000  0.000000000000000E+000
  2.716694506568567E-010  3.200321700600187E-010
  1.926372919615896E-010  1.678303825481013E-009
         192  0.000000000000000E+000  0.000000000000000E+000
  1.956756321574485E-010  3.251843554704843E-011
  1.360624904601660E-009  4.758651540236758E-010
         193  0.000000000000000E+000  0.000000000000000E+000
  4.125333583686072E-011  1.293248432016138E-010
  5.771816516724828E-010 -6.934554236345597E-010
         194  0.000000000000000E+000  0.000000000000000E+000
  1.363960886807436E-010  1.616134960882162E-010
 -1.544450517413867E-010 -3.819329591250979E-010
         195  0.000000000000000E+000  0.000000000000000E+000
  1.497066068615092E-010  1.272078384474146E-010
 -1.945599972388268E-010  1.346729268275394E-011
         196  0.000000000000000E+000  0.000000000000000E+000
  2.013197787781255E-010  1.154929759790858E-010
  8.368959092651175E-011  1.592667211827875E-010
         197  0.000000000000000E+000  0.000000000000000E+000
  1.917001667685727E-010  2.935572329336622E-011
  2.061543776678770E-010 -1.038771887885935E-010
         198  0.000000000000000E+000  0.000000000000000E+000
  1.420087340409704E-010  5.203424365724468E-011
 -6.240234885502599E-011 -2.278527411209948E-010
         199  0.000000000000000E+000  0.000000000000000E+000
  2.166033881348340E-010  7.498431322363497E-011
 -1.448956396818289E-010  4.425909726095606E-011
         200  0.000000000000000E+000  0.000000000000000E+000
  2.681772250707938E-010 -1.532726214214455E-011
  8.191049080289503E-011  2.603414989038810E-011
         201  0.000000000000000E+000  0.000000000000000E+000
  2.307369896756123E-010 -1.133284092157711E-010
 -4.196817838380411E-011 -2.103503880895658E-010
         202  0.000000000000000E+000  0.000000000000000E+000
  1.288844638910610E-010 -1.250290675104192E-010
 -4.171887913309825E-010 -2.667667770347823E-011
         203  0.000000000000000E+000  0.000000000000000E+000
  1.322093710382708E-010 -6.007283022063746E-011
 -3.319528282027966E-010  5.750580914874617E-010
         204  0.000000000000000E+000  0.000000000000000E+000
  1.779622852683747E-010 -1.020960717928694E-010
  4.860323171002581E-010  7.551648802952098E-010
         205  0.000000000000000E+000  0.000000000000000E+000
  1.718991872133616E-010 -1.161748100016389E-010
  9.622812945347870E-010  5.641530336205045E-011
         206  0.000000000000000E+000  0.000000000000000E+000
  2.288466283258021E-010 -2.081748357363910E-010
  8.159428268154538E-010 -6.963824004006892E-010
         207  0.000000000000000E+000  0.000000000000000E+000
  7.988212392596529E-011 -3.764277412980628E-010
  6.266909320316619E-012 -1.240259479007363E-009
         208  0.000000000000000E+000  0.000000000000000E+000
 -1.043820320242183E-010 -2.344829694857394E-010
 -9.822892300629063E-010 -7.460265209910765E-010
         209  0.000000000000000E+000  0.000000000000000E+000
 -3.570435790694907E-011 -1.632693212290276E-010
 -9.736718586167659E-010  2.277177046402579E-010
         210  0.000000000000000E+000  0.000000000000000E+000
 -7.908884024589886E-011 -1.261094141930767E-010
 -6.984199435471970E-010  5.273492716054606E-010
         211  0.000000000000000E+000  0.000000000000000E+000
  6.104453127293961E-011 -9.400510348413150E-011
 -2.828381596212232E-010  1.205935200488536E-009
         212  0.000000000000000E+000  0.000000000000000E+000
  6.291935671165965E-011 -3.146523591370021E-010
  9.138971539453327E-010  1.158530972266054E-009
         213  0.000000000000000E+000  0.000000000000000E+000
 -1.648086523893769E-010 -3.399933206237188E-010
  1.705773112905050E-009  1.071353088754936E-010
         214  0.000000000000000E+000  0.000000000000000E+000
 -2.715326909114100E-010 -2.566223177053140E-010
  1.433088196093407E-009 -1.474991164637363E-009
         215  0.000000000000000E+000  0.000000000000000E+000
 -3.994962674946416E-010 -1.010512682033691E-010
 -4.714089844266918E-010 -2.440699222942607E-009
         216  0.000000000000000E+000  0.000000000000000E+000
 -2.755715929756106E-010  1.300215318182472E-010
 -2.458312858224413E-009 -8.816420799831591E-010
         217  0.000000000000000E+000  0.000000000000000E+000
 -7.166339182782841E-011  9.317869645969718E-011
 -1.935591174395268E-009  1.483119137862853E-009
         218  0.000000000000000E+000  0.000000000000000E+000
 -4.992751819431283E-011 -5.588708032683551E-011
  9.845143742218473E-011  2.180414964027418E-009
         219  0.000000000000000E+000  0.000000000000000E+000
 -1.608185599615780E-010 -1.209776585025513E-010
  1.621706675436656E-009  1.013669693358810E-009
         220  0.000000000000000E+000  0.000000000000000E+000
 -2.753703248269839E-010 -6.338781850312648E-011
  1.496485431920173E-009 -6.473844125126788E-010
         221  0.000000000000000E+000  0.000000000000000E+000
 -3.275078805844590E-010  5.003546255279947E-011
  2.897150550722293E-010 -1.380466622712418E-009
         222  0.000000000000000E+000  0.000000000000000E+000
 -3.077232477004025E-010  1.997482813834507E-010
 -8.673285748679584E-010 -8.834568191165216E-010
         223  0.000000000000000E+000  0.000000000000000E+000
 -1.552003059299333E-010  3.205965085902078E-010
 -1.014007025962876E-009  1.985287585092089E-010
         224  0.000000000000000E+000  0.000000000000000E+000
  1.782333012080346E-011  2.225740982297499E-010
 -3.728505556434031E-010  7.515392851593816E-010
         225  0.000000000000000E+000  0.000000000000000E+000
 -5.395862428202849E-012  1.182447131223302E-010
  2.878845590077452E-010  6.772654293451889E-010
         226  0.000000000000000E+000  0.000000000000000E+000
 -5.403907010572049E-011  4.316604809039071E-011
  8.780135617562352E-010  1.130921261328612E-010
         227  0.000000000000000E+000  0.000000000000000E+000
 -2.382584320674242E-010  1.258708380523281E-010
  3.531616758022044E-010 -1.018239505752197E-009
         228  0.000000000000000E+000  0.000000000000000E+000
 -1.674555426776910E-010  4.133562697684779E-010
 -9.946261916113359E-010 -7.076795790112831E-010
         229  0.000000000000000E+000  0.000000000000000E+000
  1.729347585209266E-010  4.279235839045351E-010
 -1.268575928670699E-009  6.178213122409898E-010
         230  0.000000000000000E+000  0.000000000000000E+000
  2.904541689308836E-010  1.977114298274565E-010
 -2.196082821981644E-010  1.687785222207974E-009
         231  0.000000000000000E+000  0.000000000000000E+000
  2.530024819321673E-010 -9.476777915384220E-012
  1.625147478864153E-009  1.344904081646291E-009
         232  0.000000000000000E+000  0.000000000000000E+000
 -6.570601516037710E-012 -7.353544612966037E-011
  2.129095904506398E-009 -9.484513741024104E-010
         233  0.000000000000000E+000  0.000000000000000E+000
 -1.008939546262570E-010  1.714939407653965E-010
  1.908688142985922E-010 -2.195070186344003E-009
         234  0.000000000000000E+000  0.000000000000000E+000
  1.023009401746075E-010  3.312189831975329E-010
 -1.528123968015688E-009 -1.291621287644837E-009
         235  0.000000000000000E+000  0.000000000000000E+000
  3.100056748490644E-010  2.128810385392518E-010
 -1.844912144017934E-009  3.702006114040693E-010
         236  0.000000000000000E+000  0.000000000000000E+000
  3.330413590115334E-010  4.275771348731999E-011
 -8.632597993692585E-010  1.573962855986873E-009
         237  0.000000000000000E+000  0.000000000000000E+000
  2.622539172038482E-010 -7.595793551847352E-011
  5.892575379681028E-010  1.567430253863056E-009
         238  0.000000000000000E+000  0.000000000000000E+000
  1.743616575087251E-010 -7.828060863096037E-011
  1.339628200115585E-009  6.386335576107230E-010
         239  0.000000000000000E+000  0.000000000000000E+000
  1.661263194115366E-010 -7.589102588002881E-011
  1.374063373386826E-009 -3.150497746402885E-010
         240  0.000000000000000E+000  0.000000000000000E+000
  1.299985258958388E-010 -8.709717663744809E-011
  8.818137479896508E-010 -1.162584827753272E-009
         241  0.000000000000000E+000  0.000000000000000E+000
  1.208725632871350E-010 -6.556421245802797E-011
 -1.842925586167232E-010 -1.529527458547788E-009
         242  0.000000000000000E+000  0.000000000000000E+000
  1.414844980493669E-010 -3.846251187843180E-011
 -1.355967314741106E-009 -9.119824083110342E-010
         243  0.000000000000000E+000  0.000000000000000E+000
  2.386952819659941E-010 -8.974043901220052E-011
 -1.457413250225732E-009  5.575920270778330E-010
         244  0.000000000000000E+000  0.000000000000000E+000
  2.180394704021360E-010 -2.584686591851682E-010
 -4.180980431209070E-010  1.282047059717507E-009
         245  0.000000000000000E+000  0.000000000000000E+000
  1.968668201828527E-011 -3.239611664199552E-010
  6.012246475154600E-010  1.074323334730696E-009
         246  0.000000000000000E+000  0.000000000000000E+000
 -7.345893140121495E-011 -1.938348176207928E-010
  1.107983673929097E-009  2.163205054054934E-010
         247  0.000000000000000E+000  0.000000000000000E+000
 -5.100169310324426E-011 -1.040315632487460E-010
  6.928185202151282E-010 -5.904490848136925E-010
         248  0.000000000000000E+000  0.000000000000000E+000
  6.445310234897869E-011 -1.174434308857233E-010
  2.239760050858532E-010 -5.251187650856738E-010
         249  0.000000000000000E+000  0.000000000000000E+000
  1.828040696689741E-011 -2.504787063512975E-010
  6.695037083730805E-011 -7.965933178380770E-010
         250  0.000000000000000E+000  0.000000000000000E+000
 -1.218619462932996E-010 -2.617842829604274E-010
 -7.608527054581921E-010 -6.738933950361733E-010
         251  0.000000000000000E+000  0.000000000000000E+000
 -2.046775676968113E-010 -1.271947433087589E-010
 -9.478619654549399E-010  2.749288341911285E-010
         252  0.000000000000000E+000  0.000000000000000E+000
 -1.279990064114242E-010 -5.449592539466286E-011
 -2.153922367738306E-010  8.355567408351291E-010
         253  0.000000000000000E+000  0.000000000000000E+000
 -8.248361133441362E-011 -7.042833226502477E-011
  5.239277441378443E-010  5.249182973342016E-010
         254  0.000000000000000E+000  0.000000000000000E+000
 -1.064634368594231E-010 -1.381445625543446E-010
  7.180273736665433E-010 -3.275274511855425E-010
         255  0.000000000000000E+000  0.000000000000000E+000
 -1.984463019340394E-010 -9.504433288744480E-011
 -2.411754291835512E-010 -8.738736330037192E-010
         256  0.000000000000000E+000  0.000000000000000E+000
 -1.871403959974292E-010 -1.863536857956882E-011
 -1.035879512214033E-009  7.757174548499536E-011
