 VERSION172
   5120.00000000000     
         256
  8.994473019507991E-004  -49.6753000000000        58.0637000000000     
  -22.4900000000000       -68.0900000000000        5771.10000000000     
           0  0.000000000000000E+000  0.000000000000000E+000
  0.000000000000000E+000  0.000000000000000E+000
  0.000000000000000E+000  0.000000000000000E+000
           1  0.000000000000000E+000  0.000000000000000E+000
  1.028833563273980E-011  3.070748337178033E-013
  9.223442465594421E-012 -2.224287821700091E-012
           2  0.000000000000000E+000  0.000000000000000E+000
  1.113305354470751E-011  1.912876105011760E-012
  3.035057776432069E-012 -5.791213338117155E-012
           3  0.000000000000000E+000  0.000000000000000E+000
  1.814109204911273E-011  4.235026814790788E-012
  1.136396056226492E-012  6.830191553813692E-012
           4  0.000000000000000E+000  0.000000000000000E+000
  2.343995459151883E-011 -7.849758672031195E-012
  2.666941911996975E-011  1.284453129829525E-011
           5  0.000000000000000E+000  0.000000000000000E+000
  1.598731843536803E-011 -1.436394245184030E-011
  2.501780942453586E-011 -3.080695371315378E-011
           6  0.000000000000000E+000  0.000000000000000E+000
  1.759687132857761E-011 -2.635972887960138E-011
 -2.156809815610890E-011 -1.149645632896461E-011
           7  0.000000000000000E+000  0.000000000000000E+000
 -9.722391492076686E-012 -1.205801670724283E-011
  1.029289752263666E-011  8.876299385426770E-012
           8  0.000000000000000E+000  0.000000000000000E+000
  7.144998594941976E-012 -5.269964889919549E-012
 -5.324154943390631E-012 -1.772569249596613E-011
           9  0.000000000000000E+000  0.000000000000000E+000
  1.319714401513986E-011 -1.665767314227168E-011
  2.006760671741305E-011  3.202872885429507E-011
          10  0.000000000000000E+000  0.000000000000000E+000
  5.204417052461906E-012 -1.677010372813052E-011
  2.782046611360419E-011 -9.716674034948394E-011
          11  0.000000000000000E+000  0.000000000000000E+000
  1.231575967468482E-011 -3.481279532988977E-011
 -9.812039023627356E-011  2.905667782070713E-011
          12  0.000000000000000E+000  0.000000000000000E+000
 -9.580279859276461E-012 -3.210735556612852E-011
  1.229901116982770E-010  5.141260050566863E-011
          13  0.000000000000000E+000  0.000000000000000E+000
 -4.235045069940886E-011 -9.967022103449812E-012
 -5.638880712514603E-011 -1.433731497755814E-010
          14  0.000000000000000E+000  0.000000000000000E+000
 -3.924704444464118E-012  1.119017530362163E-011
 -6.170280684346831E-011  8.899912858657762E-011
          15  0.000000000000000E+000  0.000000000000000E+000
  3.032114206572648E-012 -1.385081900681686E-011
  1.962860166320818E-011  2.156225623156500E-011
          16  0.000000000000000E+000  0.000000000000000E+000
 -1.271005508271349E-011 -2.855515771216945E-011
  6.907362367342170E-011 -2.396801640692748E-011
          17  0.000000000000000E+000  0.000000000000000E+000
 -2.711647976116252E-011  5.691818167695719E-013
 -1.172008606667690E-010 -1.014785352045934E-010
          18  0.000000000000000E+000  0.000000000000000E+000
 -7.979783490763455E-012 -2.378400234685714E-012
 -1.077271354586956E-011  1.448711721550605E-010
          19  0.000000000000000E+000  0.000000000000000E+000
 -2.351112550752187E-011 -7.707652315279690E-012
  7.063232823393903E-011 -1.104114439435939E-010
          20  0.000000000000000E+000  0.000000000000000E+000
 -1.656946032675135E-011  6.786106402032343E-012
 -1.046734596541326E-010  4.929930237198566E-011
          21  0.000000000000000E+000  0.000000000000000E+000
 -1.947772334981316E-011  9.047479869833173E-013
  6.744170210994409E-011 -2.128108909073151E-011
          22  0.000000000000000E+000  0.000000000000000E+000
 -1.341526781643541E-011  1.766754372493321E-011
 -7.756263463555990E-011  1.712267591833086E-013
          23  0.000000000000000E+000  0.000000000000000E+000
 -2.434233820639344E-012  5.744809288112948E-012
  3.270278137398484E-011  3.106888864300224E-011
          24  0.000000000000000E+000  0.000000000000000E+000
 -1.174112629790766E-011  3.680559568443434E-012
 -3.376261684089628E-011  1.492028042525314E-011
          25  0.000000000000000E+000  0.000000000000000E+000
 -1.750719731868320E-011 -2.050708124525020E-012
  7.998448712768062E-011 -4.121939436904615E-011
          26  0.000000000000000E+000  0.000000000000000E+000
 -2.653305270127608E-011  2.288358396331081E-011
 -1.720042445813667E-010 -4.576992973833782E-011
          27  0.000000000000000E+000  0.000000000000000E+000
 -3.576522677570135E-012  3.334120151467440E-011
  6.862232376773403E-011  1.942758989363726E-010
          28  0.000000000000000E+000  0.000000000000000E+000
  7.444503679227925E-012  1.336482797604206E-011
  1.196936603278102E-010 -1.031357494870871E-010
          29  0.000000000000000E+000  0.000000000000000E+000
 -3.390667158773584E-012  2.299131818463558E-011
 -1.377608841474700E-010 -6.680042017587368E-011
          30  0.000000000000000E+000  0.000000000000000E+000
  1.277195245202923E-011  6.560452863585891E-012
 -3.466629582644914E-011  1.345749146878382E-010
          31  0.000000000000000E+000  0.000000000000000E+000
 -8.820112026465549E-013  1.267055261330077E-013
  1.356035075074326E-010  5.959610340932225E-011
          32  0.000000000000000E+000  0.000000000000000E+000
 -2.182840783735944E-011  1.659098401017525E-011
 -7.293408753636090E-012 -1.818601327768549E-010
          33  0.000000000000000E+000  0.000000000000000E+000
  1.802222638164356E-011  4.541635858170375E-011
 -1.447952044578850E-010  9.883019385001376E-011
          34  0.000000000000000E+000  0.000000000000000E+000
  3.009912105850651E-011  7.560127891113557E-012
  9.262525429398784E-011  1.069317284273900E-010
          35  0.000000000000000E+000  0.000000000000000E+000
  9.059885417376356E-012 -9.522082736600653E-012
  1.339326734980556E-010 -4.625320371141246E-011
          36  0.000000000000000E+000  0.000000000000000E+000
  4.572673744410526E-012  1.291869673763637E-011
 -1.261004198784850E-010 -1.114555195911325E-010
          37  0.000000000000000E+000  0.000000000000000E+000
  1.733655525414133E-011  4.907027503530173E-012
 -6.062513755438039E-011  1.502493925769483E-010
          38  0.000000000000000E+000  0.000000000000000E+000
  1.079525395999239E-011  3.025998260209693E-012
  1.171450065888615E-010 -2.531263533595258E-011
          39  0.000000000000000E+000  0.000000000000000E+000
  1.520889580615787E-011  3.995631966117994E-012
 -1.962709830071036E-011 -2.121842577822175E-011
          40  0.000000000000000E+000  0.000000000000000E+000
  1.351261079979937E-011  3.503077175507327E-012
  3.596457365384731E-011 -7.398450707403540E-011
          41  0.000000000000000E+000  0.000000000000000E+000
  2.263335247747976E-011  4.277872666475209E-012
 -1.558263735082580E-010  7.590108334867969E-011
          42  0.000000000000000E+000  0.000000000000000E+000
  2.323418643939240E-011 -1.347419873911398E-011
  2.312017284193697E-010  8.774799025149599E-011
          43  0.000000000000000E+000  0.000000000000000E+000
  1.271642909275951E-011 -1.127017724650069E-011
 -8.410388346459299E-011 -2.397504359140890E-010
          44  0.000000000000000E+000  0.000000000000000E+000
  1.027080795308891E-011 -1.801257001377243E-011
 -4.727074757247907E-011  1.911967657736410E-010
          45  0.000000000000000E+000  0.000000000000000E+000
 -4.140544688450542E-012 -1.162723515125538E-011
  9.507614071729232E-011 -1.409771921411822E-010
          46  0.000000000000000E+000  0.000000000000000E+000
  9.547022667392494E-012 -8.204158136547540E-013
 -1.275132373429588E-010  8.338111097309447E-011
          47  0.000000000000000E+000  0.000000000000000E+000
  1.728562102467582E-011 -1.615667688623881E-011
  1.908951012178548E-010  3.787266243182223E-011
          48  0.000000000000000E+000  0.000000000000000E+000
  5.428969262760240E-012 -1.201900504161092E-011
 -8.577239810710194E-011 -2.069693188485497E-010
          49  0.000000000000000E+000  0.000000000000000E+000
  8.646646561112438E-012 -3.029726480497771E-011
 -1.044721594327553E-010  1.096221931465882E-010
          50  0.000000000000000E+000  0.000000000000000E+000
 -1.213512831923520E-011 -2.275117905344734E-011
  1.123909806763965E-010  1.248223043740757E-010
          51  0.000000000000000E+000  0.000000000000000E+000
 -1.819633348246653E-011 -1.459948462944956E-011
  1.799994884932461E-010 -2.160802947534956E-010
          52  0.000000000000000E+000  0.000000000000000E+000
 -6.755767799564106E-012  9.136081972852354E-012
 -3.502015144727376E-010 -5.196572742021300E-011
          53  0.000000000000000E+000  0.000000000000000E+000
  1.270837327628791E-011 -5.680175961229776E-012
  8.102670205661568E-011  3.052103461890260E-010
          54  0.000000000000000E+000  0.000000000000000E+000
  1.232550185517921E-012 -3.166121315968170E-011
  2.700201662933573E-010 -1.641449567980888E-010
          55  0.000000000000000E+000  0.000000000000000E+000
 -2.936842220781625E-011 -1.228818923711247E-011
 -1.889778456346051E-010 -2.090199797732556E-010
          56  0.000000000000000E+000  0.000000000000000E+000
 -8.037398785166839E-012  7.880208522775409E-013
 -1.785497616950246E-010  1.992825565190553E-010
          57  0.000000000000000E+000  0.000000000000000E+000
 -1.173770167759660E-011 -1.313297310207116E-011
  2.171229318168399E-010  1.528141428367965E-010
          58  0.000000000000000E+000  0.000000000000000E+000
 -2.344568335498955E-011 -5.369821485230636E-012
  5.310346770772093E-011 -3.131893072051614E-010
          59  0.000000000000000E+000  0.000000000000000E+000
 -9.662411128969537E-012  8.174829832904412E-012
 -2.826865426549787E-010  8.021580070083815E-011
          60  0.000000000000000E+000  0.000000000000000E+000
 -5.443680187328839E-012 -3.900000448107678E-012
  1.239724429079650E-010  1.343870532235374E-010
          61  0.000000000000000E+000  0.000000000000000E+000
 -1.520296205072633E-011 -6.327467274403959E-012
  6.555285316376906E-011 -7.860378631650981E-011
          62  0.000000000000000E+000  0.000000000000000E+000
 -1.935196506952052E-011  2.469643926320341E-012
 -5.361908732129883E-011 -5.073697175249047E-011
          63  0.000000000000000E+000  0.000000000000000E+000
 -1.487062178374150E-011  5.531746964660429E-012
 -4.817297697661493E-011  4.504406042473126E-011
          64  0.000000000000000E+000  0.000000000000000E+000
 -1.911078851642015E-011  5.681124587587048E-012
  2.942352509790781E-012 -5.720663528176288E-012
          65  0.000000000000000E+000  0.000000000000000E+000
 -1.939727095435428E-011  1.715094287480041E-011
  1.064633203674618E-012  1.035711289841671E-010
          66  0.000000000000000E+000  0.000000000000000E+000
 -2.079455850007628E-012  2.267354008437039E-011
  1.198275100082379E-010 -6.255115705873781E-011
          67  0.000000000000000E+000  0.000000000000000E+000
 -7.358789299103962E-013  1.138023121689507E-011
 -1.655681198044892E-010 -8.005124759945327E-011
          68  0.000000000000000E+000  0.000000000000000E+000
  6.847515741991243E-013  9.818017451068778E-012
 -1.419021498387439E-011  2.189286346445499E-010
          69  0.000000000000000E+000  0.000000000000000E+000
 -1.011848399763160E-011  7.438743582030625E-013
  1.521223234804468E-010 -1.153991804748802E-010
          70  0.000000000000000E+000  0.000000000000000E+000
 -1.731449158292481E-011  1.585101271821780E-011
 -6.222824613845833E-011 -2.383373701213184E-012
          71  0.000000000000000E+000  0.000000000000000E+000
 -4.223784027590505E-013  4.071581760329742E-011
 -2.796802128434665E-011 -1.798674777995325E-011
          72  0.000000000000000E+000  0.000000000000000E+000
  2.031356111806269E-011  1.909421620818100E-011
 -9.727829310843966E-011  7.456747008888155E-011
          73  0.000000000000000E+000  0.000000000000000E+000
  1.998887578434212E-011  9.755895608793357E-013
  1.952098593298040E-010  1.734543824723423E-010
          74  0.000000000000000E+000  0.000000000000000E+000
 -6.012513633292150E-012 -1.168469099727493E-012
  1.334234233507017E-010 -3.671874910499883E-010
          75  0.000000000000000E+000  0.000000000000000E+000
  7.929741748039751E-012  2.347292186179907E-011
 -4.443522133204624E-010  8.609224179396442E-011
          76  0.000000000000000E+000  0.000000000000000E+000
  1.399352385147663E-011  7.194963679936690E-012
  2.382100541161467E-010  4.247818131424112E-010
          77  0.000000000000000E+000  0.000000000000000E+000
  5.485742372128907E-012  8.306006932069515E-012
  3.277145859001414E-010 -4.108689039581148E-010
          78  0.000000000000000E+000  0.000000000000000E+000
  1.892990450640628E-011  1.949584407324372E-011
 -4.703057703453005E-010 -5.123873396330092E-011
          79  0.000000000000000E+000  0.000000000000000E+000
  2.714222522953743E-011  4.753276784001552E-013
  1.018091663082613E-010  3.123737055818708E-010
          80  0.000000000000000E+000  0.000000000000000E+000
  1.952445686277789E-011 -7.164603548602493E-012
  1.816858578634694E-010 -5.187845452737376E-011
          81  0.000000000000000E+000  0.000000000000000E+000
  9.145336192610734E-012 -7.031138151207310E-012
  8.866650567310301E-011 -2.121726047393548E-010
          82  0.000000000000000E+000  0.000000000000000E+000
  1.136234221544980E-011  9.511625779695800E-013
 -3.207401968995514E-010 -5.178927752590094E-011
          83  0.000000000000000E+000  0.000000000000000E+000
  1.857331586304259E-011 -8.653426458002017E-012
  1.452094656725124E-010  4.055012880153135E-010
          84  0.000000000000000E+000  0.000000000000000E+000
  3.675809594090292E-012 -1.047159985918353E-011
  2.962517722679495E-010 -3.445637315758869E-010
          85  0.000000000000000E+000  0.000000000000000E+000
  1.280245359184828E-011  3.822402734480435E-012
 -3.687428001635317E-010 -2.650221942094360E-011
          86  0.000000000000000E+000  0.000000000000000E+000
  2.556846822743876E-011 -1.549993681127738E-011
  2.309987632185135E-010  2.036758080494082E-010
          87  0.000000000000000E+000  0.000000000000000E+000
  9.773733323109624E-012 -2.711770966525168E-011
 -5.222677459445934E-011 -1.911510005033974E-010
          88  0.000000000000000E+000  0.000000000000000E+000
 -5.371897179551065E-012 -1.894772296686991E-011
 -4.051346234211309E-011  1.422400762507319E-010
          89  0.000000000000000E+000  0.000000000000000E+000
 -6.880001359587366E-012 -1.403525560039959E-011
  1.958693860302295E-010 -7.041705940353615E-011
          90  0.000000000000000E+000  0.000000000000000E+000
 -3.762292623127530E-012  1.578188155251227E-012
 -2.112389491170016E-010 -1.992887562245246E-010
          91  0.000000000000000E+000  0.000000000000000E+000
  1.511047128651773E-011 -6.171596455905598E-012
 -1.278136505644788E-010  3.273393546648275E-010
          92  0.000000000000000E+000  0.000000000000000E+000
  9.538521534719943E-012 -2.272722157826093E-011
  3.990384777414824E-010 -1.444584126444162E-011
          93  0.000000000000000E+000  0.000000000000000E+000
 -1.408253148261149E-011 -3.315797344811772E-011
 -1.335778284222194E-010 -4.818719507940613E-010
          94  0.000000000000000E+000  0.000000000000000E+000
 -1.373977207412900E-011 -4.810876568136402E-012
 -3.691041764523001E-010  3.517505515203796E-010
          95  0.000000000000000E+000  0.000000000000000E+000
 -8.269166117822187E-012 -1.351748868316117E-011
  3.627387238864067E-010  1.156712483643241E-010
          96  0.000000000000000E+000  0.000000000000000E+000
 -1.800298315446110E-011 -1.064946337431792E-011
  7.871153500469168E-011 -2.752169733138468E-010
          97  0.000000000000000E+000  0.000000000000000E+000
 -1.184682282930828E-011  3.848912966628267E-012
 -2.320629702371055E-010 -9.570255426118146E-011
          98  0.000000000000000E+000  0.000000000000000E+000
  2.098002697044343E-012 -1.177141805996292E-011
 -7.148992164634227E-011  2.476043902181562E-010
          99  0.000000000000000E+000  0.000000000000000E+000
 -1.734112753263071E-011 -1.640993071465575E-011
  2.048195392047166E-010  1.062142775340592E-010
         100  0.000000000000000E+000  0.000000000000000E+000
 -2.775714463332858E-011 -7.108786114582148E-012
  1.250069445669716E-010 -3.269005338738284E-010
         101  0.000000000000000E+000  0.000000000000000E+000
 -2.106204902678457E-011  1.053120272613154E-011
 -4.319640530446907E-010 -6.902788428710119E-011
         102  0.000000000000000E+000  0.000000000000000E+000
 -8.573721824034019E-012  2.632236853047810E-012
  8.072341378096011E-011  4.725499540053303E-010
         103  0.000000000000000E+000  0.000000000000000E+000
 -2.585034434125785E-011  2.693859279472835E-012
  3.877260690864990E-010 -2.529275951246637E-010
         104  0.000000000000000E+000  0.000000000000000E+000
 -1.279054436878748E-011  2.281245559085281E-011
 -3.241843668441660E-010 -2.013748528591427E-010
         105  0.000000000000000E+000  0.000000000000000E+000
  1.459752743002376E-012  9.684899841472902E-012
 -8.249455834211707E-011  2.384340407829698E-010
         106  0.000000000000000E+000  0.000000000000000E+000
 -6.149539589059296E-012  9.185733221653957E-013
  1.123920143775629E-010  1.126892071064251E-010
         107  0.000000000000000E+000  0.000000000000000E+000
 -1.840089280149520E-011  3.509644146446493E-012
  1.875493624181737E-010 -1.656751156823253E-010
         108  0.000000000000000E+000  0.000000000000000E+000
 -1.995768615405666E-011  1.853312394531461E-011
 -2.923461571478093E-010 -1.234932090334318E-010
         109  0.000000000000000E+000  0.000000000000000E+000
 -8.119809249910411E-012  3.149799660185402E-011
  9.956147037653406E-012  2.882142615285207E-010
         110  0.000000000000000E+000  0.000000000000000E+000
  1.398711065010737E-011  1.847831078763513E-011
  1.652381873336332E-010 -6.104432035984307E-011
         111  0.000000000000000E+000  0.000000000000000E+000
  5.366719357540590E-012  9.737506579511845E-012
 -1.343063599617176E-010 -2.827267410278677E-011
         112  0.000000000000000E+000  0.000000000000000E+000
  2.678439337795363E-012  4.259924839639728E-012
  1.453595096948451E-010  3.959425042169398E-013
         113  0.000000000000000E+000  0.000000000000000E+000
 -4.585105522694824E-012  1.164447228082535E-011
 -1.867359074869727E-010 -1.121475840564418E-010
         114  0.000000000000000E+000  0.000000000000000E+000
 -1.388380621617896E-012  1.984581211162364E-011
 -8.119608449389873E-011  2.699473816913938E-010
         115  0.000000000000000E+000  0.000000000000000E+000
  1.204362191507178E-011  2.330328272025805E-011
  3.943145825234303E-010  6.792744168144265E-011
         116  0.000000000000000E+000  0.000000000000000E+000
  8.005511234499560E-012  1.842122788541474E-011
 -1.258318960505273E-010 -6.399545772756467E-010
         117  0.000000000000000E+000  0.000000000000000E+000
  3.279701098158039E-011  1.691452695180021E-011
 -5.749467882796191E-010  5.663164687119051E-010
         118  0.000000000000000E+000  0.000000000000000E+000
  1.857271484413326E-011 -1.177735195111130E-011
  8.312047081956932E-010  2.777061165427916E-010
         119  0.000000000000000E+000  0.000000000000000E+000
 -2.298611374351763E-012  5.059491353008421E-012
 -1.022621299090162E-010 -8.436981829886200E-010
         120  0.000000000000000E+000  0.000000000000000E+000
  1.867282679430852E-011  1.704713032517251E-011
 -6.016688779873041E-010  4.209391180081953E-010
         121  0.000000000000000E+000  0.000000000000000E+000
  2.476667188082729E-011 -1.384173249602595E-012
  4.285246684608102E-010  2.618412542640687E-010
         122  0.000000000000000E+000  0.000000000000000E+000
  1.661635226230205E-011 -6.459498924503534E-012
  1.831242705047971E-010 -2.406037665451255E-010
         123  0.000000000000000E+000  0.000000000000000E+000
  1.235190633595139E-011  1.784616383246759E-012
 -1.455247811192616E-010 -2.410634279727388E-010
         124  0.000000000000000E+000  0.000000000000000E+000
  2.888901008703793E-011 -5.900178608952726E-013
 -2.661064942877359E-010  2.056371755962297E-010
         125  0.000000000000000E+000  0.000000000000000E+000
  2.740735620511859E-011 -2.678589805181723E-011
  3.084513337211956E-010  2.796720608093213E-010
         126  0.000000000000000E+000  0.000000000000000E+000
 -4.777013759140503E-012 -2.604446219763175E-011
  2.095043494621575E-010 -3.875823562580135E-010
         127  0.000000000000000E+000  0.000000000000000E+000
 -2.299217758965133E-013 -9.649241229371285E-013
 -4.259706594755862E-010 -8.979458721720063E-011
         128  0.000000000000000E+000  0.000000000000000E+000
  1.315025809077801E-011 -8.975110109383712E-012
  1.043190502550898E-010  3.102194383919232E-010
         129  0.000000000000000E+000  0.000000000000000E+000
  1.252775727986338E-011 -1.151663465243824E-011
  1.564688149131439E-010 -4.813902279700501E-011
         130  0.000000000000000E+000  0.000000000000000E+000
  1.507553756100672E-011 -2.017223450888522E-011
  3.338233959769750E-011 -1.181764902476846E-010
         131  0.000000000000000E+000  0.000000000000000E+000
  2.079283381074279E-012 -3.696588377717605E-011
 -1.464510803542929E-010 -1.236347985804433E-010
         132  0.000000000000000E+000  0.000000000000000E+000
 -1.533923316620430E-011 -2.225974686469063E-011
 -1.388583602810390E-010  1.986731227825364E-010
         133  0.000000000000000E+000  0.000000000000000E+000
 -1.416053042883684E-011 -1.608902870918735E-011
  2.884228084610270E-010  9.895370174694016E-013
         134  0.000000000000000E+000  0.000000000000000E+000
 -8.434019649052821E-012 -5.479451655918392E-012
 -1.129554794976209E-010 -1.281902731451056E-010
         135  0.000000000000000E+000  0.000000000000000E+000
 -7.350192118854716E-012 -1.226292663050567E-011
  3.043705638040121E-013 -1.221179144445120E-010
         136  0.000000000000000E+000  0.000000000000000E+000
 -1.077496065031594E-012 -1.610002707533161E-011
 -2.689650512043813E-010  1.249302504246346E-010
         137  0.000000000000000E+000  0.000000000000000E+000
 -1.808430404997188E-011 -2.699323989840365E-011
  3.194255663908419E-010  2.405131342343808E-010
         138  0.000000000000000E+000  0.000000000000000E+000
 -3.391286410519657E-011 -9.827370203467543E-012
  1.349218630823314E-010 -4.579858777460253E-010
         139  0.000000000000000E+000  0.000000000000000E+000
 -2.041625026896248E-011  7.191468895577802E-012
 -4.383560424151125E-010  3.130008935618944E-011
         140  0.000000000000000E+000  0.000000000000000E+000
 -1.522396520111768E-011  1.052447933391281E-012
 -5.537159318034053E-011  3.265892869949937E-010
         141  0.000000000000000E+000  0.000000000000000E+000
 -1.713920606887648E-011 -3.896900420452247E-012
  4.954032830193113E-010  1.958041172007122E-010
         142  0.000000000000000E+000  0.000000000000000E+000
 -2.718763788639577E-011  8.874431150096906E-012
 -2.246819383276377E-011 -8.288716246187666E-010
         143  0.000000000000000E+000  0.000000000000000E+000
 -3.596081638817381E-012  1.880792684862105E-011
 -9.535111426332594E-010  4.412791982605182E-010
         144  0.000000000000000E+000  0.000000000000000E+000
 -4.535976567092405E-012 -1.048842640513613E-011
  8.977644669533291E-010  6.686823382992895E-010
         145  0.000000000000000E+000  0.000000000000000E+000
 -3.388717156613021E-011  2.080391156307925E-012
  1.880199946142941E-010 -1.051019826859131E-009
         146  0.000000000000000E+000  0.000000000000000E+000
 -2.037964170946917E-011  2.633076596789414E-011
 -9.134357393524354E-010  2.747837113923815E-010
         147  0.000000000000000E+000  0.000000000000000E+000
 -9.858862692533131E-012  2.160522636797660E-011
  4.704661837532110E-010  5.427436720774845E-010
         148  0.000000000000000E+000  0.000000000000000E+000
 -1.427034868368169E-012  2.053216828300235E-011
  2.039450427409008E-010 -3.821944259596940E-010
         149  0.000000000000000E+000  0.000000000000000E+000
  1.188414761061916E-012  1.515008075679841E-011
 -2.252855864192900E-010 -8.259916266143415E-011
         150  0.000000000000000E+000  0.000000000000000E+000
  7.407186149388458E-014  1.115432586131815E-011
 -9.111617973881546E-011  1.560187500778389E-010
         151  0.000000000000000E+000  0.000000000000000E+000
 -8.744447863992590E-012  1.030103783539080E-011
  8.829297876539636E-011  4.850330531389391E-011
         152  0.000000000000000E+000  0.000000000000000E+000
 -1.319896522144805E-011  2.089659729545019E-011
  7.610540255000537E-011  1.186844601300546E-011
         153  0.000000000000000E+000  0.000000000000000E+000
  4.238833464134403E-012  4.375590156741149E-011
 -4.970961705728823E-011 -1.432080857185188E-011
         154  0.000000000000000E+000  0.000000000000000E+000
  2.462977081300000E-011  2.116281662323582E-011
  4.084564508261733E-011 -8.804553507296400E-011
         155  0.000000000000000E+000  0.000000000000000E+000
  2.017725289991409E-011  1.452761922658381E-011
 -2.986453826994700E-010  8.385246677223305E-011
         156  0.000000000000000E+000  0.000000000000000E+000
  1.993397901185646E-011  1.993897605525160E-012
  3.486541348475427E-010  3.183202105085123E-010
         157  0.000000000000000E+000  0.000000000000000E+000
  3.210486092631969E-012  3.397441738950324E-012
  2.335128494491822E-010 -5.273961248969722E-010
         158  0.000000000000000E+000  0.000000000000000E+000
  1.369777351635157E-011  2.808241476881315E-011
 -7.041771192278034E-010  3.539807959999780E-011
         159  0.000000000000000E+000  0.000000000000000E+000
  3.372763619562634E-011  4.706695805604114E-012
  3.617631930998691E-010  5.327223341328135E-010
         160  0.000000000000000E+000  0.000000000000000E+000
  1.972088434533320E-011 -1.714123769476951E-012
  3.182316146317534E-010 -3.185512085824148E-010
         161  0.000000000000000E+000  0.000000000000000E+000
  1.874460370517791E-011  1.174058971910444E-012
 -1.472938476797521E-010 -2.827872432846895E-010
         162  0.000000000000000E+000  0.000000000000000E+000
  2.757094383871373E-011  1.879362629844935E-012
 -3.915376938247230E-010  1.751149737896402E-010
         163  0.000000000000000E+000  0.000000000000000E+000
  3.293760138025858E-011 -2.067800549221312E-011
  3.269408939746803E-010  4.740352191861184E-010
         164  0.000000000000000E+000  0.000000000000000E+000
  1.100227872648039E-012 -2.573919615989712E-011
  4.087377741172739E-010 -5.097854120774451E-010
         165  0.000000000000000E+000  0.000000000000000E+000
  3.927791792635348E-012  1.121729215510230E-012
 -5.099573134035502E-010 -2.983406201513369E-010
         166  0.000000000000000E+000  0.000000000000000E+000
  2.284202599447037E-011 -3.690341326630542E-012
 -2.475385157811049E-010  5.343651527675008E-010
         167  0.000000000000000E+000  0.000000000000000E+000
  2.026475068089308E-011 -2.035707191413651E-011
  6.871856597475460E-010  2.561469945494410E-010
         168  0.000000000000000E+000  0.000000000000000E+000
  1.161501702193311E-011 -2.089602732846831E-011
  9.687860899882127E-011 -8.895696639098616E-010
         169  0.000000000000000E+000  0.000000000000000E+000
  1.681485602019016E-011 -2.980053517886496E-011
 -9.356685331045009E-010  3.130973329926508E-010
         170  0.000000000000000E+000  0.000000000000000E+000
 -7.976900610884946E-012 -3.736311877690605E-011
  6.231039440236257E-010  5.777904228956519E-010
         171  0.000000000000000E+000  0.000000000000000E+000
 -1.852122095510260E-011 -1.857527207148387E-011
  2.723671508658919E-010 -6.696933526581858E-010
         172  0.000000000000000E+000  0.000000000000000E+000
 -7.092529856738141E-012 -4.042793660158478E-012
 -5.517938248604031E-010 -4.334079142982847E-011
         173  0.000000000000000E+000  0.000000000000000E+000
  9.125743828110884E-012 -1.610465217426525E-011
  1.656802698277332E-010  3.973210474251941E-010
         174  0.000000000000000E+000  0.000000000000000E+000
 -2.324323419489248E-012 -3.395664003011093E-011
  1.224408050776109E-010 -2.184917883646515E-010
         175  0.000000000000000E+000  0.000000000000000E+000
 -2.635605335549396E-011 -2.833767766101531E-011
 -1.845190636379556E-010  1.383971762828981E-012
         176  0.000000000000000E+000  0.000000000000000E+000
 -2.723397926018939E-011 -1.751344566248861E-011
  2.812932494105191E-010  7.102163647069197E-011
         177  0.000000000000000E+000  0.000000000000000E+000
 -3.179945071408391E-011 -2.768724418650968E-013
 -3.221947015353253E-010 -4.468681337201200E-010
         178  0.000000000000000E+000  0.000000000000000E+000
 -1.150987327512323E-011 -3.252588020773221E-013
 -2.226769325465861E-010  6.611039065848736E-010
         179  0.000000000000000E+000  0.000000000000000E+000
 -2.235636497335903E-011 -1.017175237685462E-011
  7.086765610326765E-010 -8.216632798241939E-011
         180  0.000000000000000E+000  0.000000000000000E+000
 -2.768450842798164E-011  4.164315322016876E-012
 -3.314916021956794E-010 -7.078534365159243E-010
         181  0.000000000000000E+000  0.000000000000000E+000
 -1.483906413799320E-011  7.289006493331869E-012
 -5.825795270228703E-010  4.647611961854262E-010
         182  0.000000000000000E+000  0.000000000000000E+000
 -1.503403583721828E-011 -2.994927471382004E-012
  5.535116751161059E-010  5.360948912896928E-010
         183  0.000000000000000E+000  0.000000000000000E+000
 -3.508966039628106E-011 -1.799428696053250E-012
  4.419224191343211E-010 -7.248621143624821E-010
         184  0.000000000000000E+000  0.000000000000000E+000
 -3.423756518694217E-011  2.710953278967847E-011
 -9.067478999622981E-010 -2.290952609925799E-010
         185  0.000000000000000E+000  0.000000000000000E+000
 -9.108534103503015E-012  3.251760096038651E-011
 -4.639860675584066E-011  9.205982737229165E-010
         186  0.000000000000000E+000  0.000000000000000E+000
 -1.761478395029833E-012  1.569401513901354E-011
  8.397246015261877E-010 -1.744647764352272E-010
         187  0.000000000000000E+000  0.000000000000000E+000
 -1.131905024037345E-011  1.816039994274997E-011
 -3.414097373526479E-010 -8.123763028472211E-010
         188  0.000000000000000E+000  0.000000000000000E+000
 -8.567666512612689E-014  2.135399111027784E-011
 -6.417914967547721E-010  5.978581020955891E-010
         189  0.000000000000000E+000  0.000000000000000E+000
 -9.620795224023231E-012  9.120682745578660E-012
  6.702478762706275E-010  3.327410474056664E-010
         190  0.000000000000000E+000  0.000000000000000E+000
 -1.944095259611962E-011  3.507272152683532E-011
  3.602867087579709E-011 -4.343410328498019E-010
         191  0.000000000000000E+000  0.000000000000000E+000
  1.428156215250911E-011  4.544525245153048E-011
 -2.507173929762674E-010 -7.611834181793869E-011
         192  0.000000000000000E+000  0.000000000000000E+000
  2.880222366399336E-011  2.187260813371934E-011
 -1.730899649720476E-010  1.931803808448879E-010
         193  0.000000000000000E+000  0.000000000000000E+000
  2.277222529110038E-011  5.884468013095491E-012
  2.914876559835263E-010  3.251527485891194E-010
         194  0.000000000000000E+000  0.000000000000000E+000
  6.273553887258993E-012  6.633906339215608E-012
  2.176362353995700E-010 -4.774673472451446E-010
         195  0.000000000000000E+000  0.000000000000000E+000
  1.184336874292772E-011  1.652282536814355E-011
 -3.771983062602127E-010  8.961201949166782E-011
         196  0.000000000000000E+000  0.000000000000000E+000
  1.613279245897993E-011  1.866557479285758E-011
  4.052214402119978E-011  1.209330021523549E-010
         197  0.000000000000000E+000  0.000000000000000E+000
  2.884167468764719E-011  1.071690936654360E-011
  9.323068116889273E-011  1.464193039915909E-010
         198  0.000000000000000E+000  0.000000000000000E+000
  2.392487520524070E-011 -9.483414042878696E-013
  2.605967688737358E-010 -1.330401775629777E-010
         199  0.000000000000000E+000  0.000000000000000E+000
  1.939264411050249E-011  4.374391958242040E-012
 -2.324593650657803E-010 -2.504914112728569E-010
         200  0.000000000000000E+000  0.000000000000000E+000
  2.854291958345353E-011 -1.145124465373891E-012
 -1.708639915634957E-010  2.073543365660084E-010
         201  0.000000000000000E+000  0.000000000000000E+000
  2.718696559355088E-011 -1.268287473334658E-011
  1.276467520076235E-010  3.326638588304077E-010
         202  0.000000000000000E+000  0.000000000000000E+000
  1.051503687540753E-011 -2.080590763941450E-011
  6.057535794718119E-010 -3.191209057828530E-010
         203  0.000000000000000E+000  0.000000000000000E+000
  5.595137945032700E-012  1.771277412070668E-012
 -6.937598737762672E-010 -6.357969891775517E-010
         204  0.000000000000000E+000  0.000000000000000E+000
  3.086190005618519E-011 -3.039269528936969E-012
 -3.273804638965788E-010  1.046060010300442E-009
         205  0.000000000000000E+000  0.000000000000000E+000
  2.145872038489986E-011 -2.517511569756453E-011
  1.182579635917340E-009 -1.580648051994266E-011
         206  0.000000000000000E+000  0.000000000000000E+000
  1.314644202799177E-011 -1.801640137961533E-011
 -3.752537098345740E-010 -1.120238058987388E-009
         207  0.000000000000000E+000  0.000000000000000E+000
  2.018617007592809E-011 -3.166227563990949E-011
 -9.541683392371840E-010  6.833207704415888E-010
         208  0.000000000000000E+000  0.000000000000000E+000
 -3.770574092836447E-012 -4.119279013804218E-011
  9.285399931401489E-010  6.277290512576723E-010
         209  0.000000000000000E+000  0.000000000000000E+000
 -1.978001008305913E-011 -1.886678041159550E-011
  2.405865408884650E-010 -9.704602339298681E-010
         210  0.000000000000000E+000  0.000000000000000E+000
 -3.143755715092625E-012 -3.360138572054121E-012
 -7.978699425516501E-010 -5.813776151042712E-011
         211  0.000000000000000E+000  0.000000000000000E+000
  1.361163184017200E-011 -1.974254359404169E-011
  1.034398374870830E-010  6.847598169875242E-010
         212  0.000000000000000E+000  0.000000000000000E+000
 -3.610307780132564E-012 -4.288732378565614E-011
  5.649561920688684E-010 -1.792278094208990E-010
         213  0.000000000000000E+000  0.000000000000000E+000
 -3.234245779426649E-011 -2.919029570948842E-011
 -2.434462848176152E-010 -5.369921266116612E-010
         214  0.000000000000000E+000  0.000000000000000E+000
 -2.418274777884336E-011 -7.551898380729129E-012
 -4.433503804992907E-010  4.481697974296121E-010
         215  0.000000000000000E+000  0.000000000000000E+000
 -2.326682854204883E-011 -1.181754445764880E-011
  4.891798638062509E-010 -3.955742361511471E-011
         216  0.000000000000000E+000  0.000000000000000E+000
 -2.329904536176919E-011 -1.389224193272417E-012
 -3.454048142382253E-010 -1.765436352568139E-010
         217  0.000000000000000E+000  0.000000000000000E+000
 -1.473338469241337E-011 -5.635488765904181E-012
  2.846767489862442E-010  3.660772726710020E-010
         218  0.000000000000000E+000  0.000000000000000E+000
 -2.747954076072535E-011 -5.415029000384014E-012
 -2.040410604976323E-011 -6.610722781636020E-010
         219  0.000000000000000E+000  0.000000000000000E+000
 -1.770249999093645E-011  4.933766306531390E-012
 -5.863987370591863E-010  5.055992076893601E-010
         220  0.000000000000000E+000  0.000000000000000E+000
 -2.315900156060556E-011 -4.973240300863563E-012
  6.130871805811311E-010  2.129903543801000E-010
         221  0.000000000000000E+000  0.000000000000000E+000
 -3.203589621544387E-011  5.218612510628571E-012
  7.886944192456982E-011 -4.975761953048211E-010
         222  0.000000000000000E+000  0.000000000000000E+000
 -3.187622223690000E-011  2.066104912811615E-011
 -5.421456263823562E-010 -1.091172443045444E-010
         223  0.000000000000000E+000  0.000000000000000E+000
 -1.301858076741035E-011  3.279459062114097E-011
 -9.062458126438403E-011  6.262084135666412E-010
         224  0.000000000000000E+000  0.000000000000000E+000
 -6.939984805535972E-013  1.481275039406466E-011
  6.741866513521535E-010 -4.009975096313855E-011
         225  0.000000000000000E+000  0.000000000000000E+000
 -1.289829238683396E-011  1.477698867396061E-011
 -1.376819929237532E-010 -6.530320457629136E-010
         226  0.000000000000000E+000  0.000000000000000E+000
 -7.051106941867580E-012  2.181262904771303E-011
 -6.917787995343413E-010  2.090019460918712E-010
         227  0.000000000000000E+000  0.000000000000000E+000
 -7.712647923562791E-012  1.340634328326872E-011
  3.358043211997092E-010  7.803212401709561E-010
         228  0.000000000000000E+000  0.000000000000000E+000
 -1.932015893791888E-011  2.954932963543021E-011
  7.598408271380193E-010 -5.188644680063827E-010
         229  0.000000000000000E+000  0.000000000000000E+000
  9.195499713229931E-012  4.720178112177636E-011
 -8.305978584426853E-010 -6.476816320707711E-010
         230  0.000000000000000E+000  0.000000000000000E+000
  3.264237521004524E-011  2.196635478888216E-011
 -3.552098339423409E-010  1.051172002440419E-009
         231  0.000000000000000E+000  0.000000000000000E+000
  1.517260387015533E-011  8.042550014316554E-013
  1.002290753055657E-009  1.898927250166286E-011
         232  0.000000000000000E+000  0.000000000000000E+000
  5.228884861766521E-013  1.014324372665033E-011
 -1.490577486898363E-010 -9.248273458228214E-010
         233  0.000000000000000E+000  0.000000000000000E+000
  9.981018849772521E-012  2.308712842183185E-011
 -7.825409271049117E-010  4.614414512212462E-010
         234  0.000000000000000E+000  0.000000000000000E+000
  2.070761535731940E-011  1.746914410003271E-011
  5.875344354013686E-010  5.049694112967134E-010
         235  0.000000000000000E+000  0.000000000000000E+000
  2.062843546539637E-011  1.098642409485914E-011
  1.997277296777258E-010 -5.322623944304386E-010
         236  0.000000000000000E+000  0.000000000000000E+000
  2.652373208962596E-011  1.009416929452276E-011
 -3.540557234927676E-010  3.627231670586462E-011
         237  0.000000000000000E+000  0.000000000000000E+000
  2.525375090488158E-011 -1.528296113856278E-012
  1.131108015521360E-010  5.792542481923151E-011
         238  0.000000000000000E+000  0.000000000000000E+000
  2.543342570067253E-011 -1.011862680366274E-012
 -5.836554844794541E-011  1.136331094289598E-010
         239  0.000000000000000E+000  0.000000000000000E+000
  2.219521949965069E-011 -1.230304177343641E-011
  1.635140892518182E-010 -1.675020177835569E-011
         240  0.000000000000000E+000  0.000000000000000E+000
  1.261662787143034E-011 -1.025012976846475E-011
  9.395568986948696E-011 -6.390823200590453E-011
         241  0.000000000000000E+000  0.000000000000000E+000
  1.347429334076792E-011 -3.674117462547700E-012
 -1.376449505197772E-010 -3.435086617577028E-010
         242  0.000000000000000E+000  0.000000000000000E+000
  2.410138129467996E-011 -4.150774021052135E-012
 -4.435016363021270E-010  4.688687862210505E-010
         243  0.000000000000000E+000  0.000000000000000E+000
  2.648685981671647E-011 -2.178282116344399E-011
  8.918449623124926E-010  3.139152397270080E-010
         244  0.000000000000000E+000  0.000000000000000E+000
  1.143238140092654E-011 -2.843410481184031E-011
 -4.256204418525496E-011 -1.132461233949353E-009
         245  0.000000000000000E+000  0.000000000000000E+000
  4.974061494779660E-012 -2.443000703131056E-011
 -1.121613677868576E-009  4.862117033421063E-010
         246  0.000000000000000E+000  0.000000000000000E+000
  5.904758501427608E-014 -2.885479647391285E-011
  8.818519092931107E-010  8.838652943190146E-010
         247  0.000000000000000E+000  0.000000000000000E+000
 -1.549969902684755E-011 -1.762484948607615E-011
  5.649355226466190E-010 -1.129076581598011E-009
         248  0.000000000000000E+000  0.000000000000000E+000
 -1.493189969406677E-012 -1.677467212586900E-013
 -1.161254867095893E-009 -1.947717679587049E-010
         249  0.000000000000000E+000  0.000000000000000E+000
  1.716492926312725E-011 -1.900086137413340E-011
  2.246632964282278E-010  1.088081093530263E-009
         250  0.000000000000000E+000  0.000000000000000E+000
 -6.429255100597209E-012 -3.974392140694093E-011
  7.214925824189048E-010 -4.475011613044629E-010
         251  0.000000000000000E+000  0.000000000000000E+000
 -2.697497734794627E-011 -2.051273222509491E-011
 -3.711997362587520E-010 -4.661199985302913E-010
         252  0.000000000000000E+000  0.000000000000000E+000
 -1.831829532181489E-011 -5.861261711249001E-012
 -4.192992167436192E-010  2.023638573402887E-010
         253  0.000000000000000E+000  0.000000000000000E+000
 -1.182873276902561E-011 -8.684850779967214E-012
  1.664874627124059E-010  4.609246863128646E-010
         254  0.000000000000000E+000  0.000000000000000E+000
 -1.689529120035225E-011 -1.075504276810823E-011
  5.532072312142462E-010 -2.912323568466018E-010
         255  0.000000000000000E+000  0.000000000000000E+000
 -1.614613097007648E-011 -8.345970450625785E-013
 -5.480401286919204E-010 -4.120444638370068E-010
         256  0.000000000000000E+000  0.000000000000000E+000
 -1.144902580507909E-011 -1.093281836569831E-011
 -8.392152142963168E-011  4.835624621803158E-010
