 VERSION172
   5120.00000000000     
         256
  8.994473019507991E-004   49.6753000000000        58.0637000000000     
  -22.4900000000000       -68.0900000000000        5771.10000000000     
           0  0.000000000000000E+000  0.000000000000000E+000
  0.000000000000000E+000  0.000000000000000E+000
  0.000000000000000E+000  0.000000000000000E+000
           1  2.544510709701301E-014 -2.618826931994200E-012
  8.007142243862612E-012 -1.334139258566340E-012
 -6.617195603069751E-012  4.738717820900542E-013
           2 -9.380197751275814E-013  3.542280423088744E-012
  5.420849909004531E-012 -3.789095912759955E-012
 -4.920689252133973E-012  2.287318511115546E-012
           3  4.627542256684510E-012 -2.820253697263049E-012
  5.847665507368818E-012  1.694450413760568E-012
 -4.862083511085679E-012 -4.421007866715175E-012
           4 -8.004460653853629E-012 -7.087955568484243E-012
  6.648170786922497E-012  7.612257004076249E-013
 -1.760763860092942E-011  2.701105586956831E-012
           5 -2.491192838833214E-012  1.452006712094903E-011
  2.430169068366821E-011 -6.993050167213509E-012
 -4.461870432913385E-012  1.334505513551126E-011
           6  1.938163086736497E-011 -7.953255119754051E-012
 -5.755658432448344E-012 -7.240759827752497E-012
 -1.114453079273814E-011  2.744210981406826E-012
           7 -3.106403209754602E-011 -3.257090568359842E-012
  1.166914099726454E-011 -4.027719993088175E-011
 -5.296458994635803E-012  1.620468342359954E-011
           8  3.470824262622912E-011  3.463836852412218E-011
 -1.114495509572978E-011  3.018292831400828E-011
  1.662150613124054E-012  4.995791390457590E-012
           9 -7.071141384393668E-012 -7.227830660028934E-011
  5.815285769049713E-011 -4.141336028471422E-011
  7.300263506681472E-012 -6.350314511495911E-013
          10 -3.319532749725987E-011  3.353750253709718E-011
 -9.954217912352734E-011  2.673943415652445E-011
 -1.605720930064985E-011 -1.641031313660236E-012
          11 -2.573226465551685E-011  1.245223004785717E-011
  1.025393703521780E-010  2.556465159464750E-012
 -2.180599151577525E-011  3.709094070448404E-011
          12  8.370147004942921E-011  1.285017393893168E-012
 -5.732927571946549E-011 -5.824184402978626E-011
  3.375384392898410E-011  1.173673133330947E-011
          13 -4.860441647779048E-011 -5.035680384446792E-012
 -9.727232662834764E-012  2.605443410608795E-011
  1.197384413736808E-011 -4.179881128693139E-012
          14 -1.402202017342667E-011 -7.994978536841530E-011
 -1.862019469449641E-011 -3.411121379327121E-011
 -5.508606325596375E-013 -8.865216455456153E-013
          15 -9.631903118200279E-012  6.053253658732570E-011
  1.491266807054187E-011  6.807786141714226E-011
 -3.448017876016193E-012  1.378069089702689E-011
          16  5.239238916231959E-011  9.346902153757230E-011
 -4.815757184478135E-011 -8.583439085860139E-011
  1.243230581559412E-011  4.291637972303302E-012
          17 -5.341696125308213E-011 -9.757976092827163E-011
  2.964785061198297E-011  3.573230290963763E-013
  4.999900435377607E-012  5.693084555020793E-012
          18  9.365508919384627E-012 -4.866661482311249E-011
  1.891005410026156E-011 -3.690569994179318E-011
  1.361418824965125E-011  1.953928996486448E-012
          19  2.790778550648676E-011 -5.265457369508408E-013
 -2.077894965720576E-011  8.192028893668359E-011
  7.265271630464384E-012 -1.199889250666808E-012
          20 -1.383242822357115E-011  1.178181584993099E-010
 -4.545537280561788E-011 -7.311606753713982E-012
  9.566209099973648E-012 -7.001799029722607E-013
          21  3.394520899986047E-011 -5.338418382521398E-012
 -6.692377240576848E-012 -1.546981878299221E-011
  1.155282547202848E-011 -2.339509100513301E-012
          22 -7.291716870485284E-011 -1.072338212262507E-010
 -6.292167860945695E-012 -4.409097771347568E-011
  4.979377072840730E-012 -6.685304828606927E-012
          23 -1.952212554654832E-011  1.703395492858067E-011
  3.354822462603016E-011  4.932185699317953E-011
  5.605191699401112E-012 -1.166337680594203E-012
          24  9.720658799431555E-011  6.221382569595419E-011
 -2.662553851803195E-011  4.684386982275328E-012
  2.847127591337045E-012 -5.572650232214286E-012
          25  9.767789087107667E-012 -8.290437980627379E-012
 -3.411252817273323E-011  3.773896950383940E-011
  5.917497931267349E-012 -4.494149545313563E-013
          26 -7.993092773085622E-011 -3.151506545556581E-011
  2.056933083587216E-011 -8.047139733449976E-011
  1.469490333071245E-011 -3.168916337936836E-012
          27 -3.351525101929024E-011  2.158636214249530E-011
 -4.074633201318865E-011  3.130353153911213E-011
  1.432451691085416E-011 -2.445504809372140E-011
          28  8.827760707664042E-011 -6.553397112166109E-011
  5.169511999978441E-011  8.483362594379197E-011
 -2.213421565255706E-011 -8.630843912129619E-012
          29 -4.851700654182050E-012  6.197870907715663E-011
  2.938808507165039E-011 -3.664345585947736E-011
  3.573282147656549E-012 -3.216766307616726E-012
          30  1.472122299594306E-011 -6.671551677507193E-012
 -5.990654928691518E-011  3.909206756354511E-011
  2.365839126943501E-012 -7.384281141072935E-012
          31 -5.840502675155717E-011  3.060803641673270E-011
  8.926537955977039E-012 -6.970040127762572E-011
  8.291348386987597E-013 -5.726271328533861E-012
          32  2.561576528498010E-011 -6.972119600577102E-011
 -2.487993538465481E-011  1.449832036371829E-010
 -3.371216603796664E-012 -6.260754027973858E-012
          33  3.102345122506814E-011  8.024496920405971E-011
  1.432647397109102E-010 -1.459650377407318E-010
  4.523293147970660E-012 -8.962576540445807E-012
          34 -5.351664980491536E-011 -8.250883446158976E-011
 -2.317643789381560E-010  9.675420408118797E-011
 -1.545187839098539E-011 -2.724634563797654E-011
          35 -4.501444393496802E-012  1.540778686931109E-010
  2.082276221729512E-010  2.485231057412562E-011
 -1.762510484305825E-011  1.657504924285542E-011
          36 -5.189993797455456E-012 -1.181920887631198E-010
 -6.520632279805603E-011 -9.742718744597340E-011
  3.754995493697192E-012 -4.445560136457090E-012
          37  3.124794744378193E-011  1.191819551047439E-011
  4.667233769863498E-011  5.602112651786613E-011
 -4.829745084091351E-012 -3.696773250044258E-012
          38 -4.754139916427239E-011  3.599785609917195E-011
 -8.176700630810893E-011 -1.721197549767583E-011
 -8.404041565086007E-012 -9.395321175213948E-012
          39  1.068059979655303E-011 -8.797921384255951E-011
  1.019665584414051E-010  6.922544692086460E-011
 -1.326710858058614E-011  3.089234688068633E-012
          40 -7.487888918279976E-011  1.584063473132371E-010
 -8.075131016112174E-012 -1.020409330130135E-010
 -4.058778558071160E-013  5.916585350679400E-013
          41  1.019679496152922E-010 -8.387146526305772E-011
 -4.833072338661014E-011  6.155730769938283E-011
 -1.226875448195236E-011 -3.853500435329557E-012
          42  2.044074939065173E-011  5.166250350291312E-011
  4.626561715853854E-011  5.212323265929085E-013
 -1.446088692259322E-011  2.539034993974942E-012
          43 -4.567355032858490E-011 -1.188790358758165E-010
  7.292175981124639E-011 -1.047261534865710E-011
 -1.136670653526371E-011  1.484653269667569E-011
          44 -1.413789356352620E-010  7.859259564677040E-013
 -3.949900288309874E-011 -1.438427385813469E-010
  1.039913701118359E-011  5.429008328762506E-012
          45  8.494869972050231E-011  2.963980105638719E-010
 -1.363407019705948E-010  1.865959695999285E-010
 -1.522428803330662E-011 -6.016032907636861E-012
          46  2.773289582452877E-010 -2.674397138657183E-010
  2.791794392820652E-010  1.742349961535155E-011
 -3.630054100782294E-012  2.099663290002221E-011
          47 -2.450763110263921E-010 -3.283204485856841E-011
 -1.611120297729881E-010 -2.056471086458779E-010
  6.506034074195464E-012 -5.171567432419704E-013
          48 -9.315122214117904E-011  1.246213855151187E-010
 -2.182529505239377E-011  9.236622297595171E-011
 -1.524110167343612E-011 -6.181798806920367E-013
          49  1.022773086984148E-010  3.124125825963982E-011
  9.790138603692488E-012  1.603553849053606E-012
 -4.148479582684167E-012  2.182480502415113E-011
          50  1.296326748112843E-010  1.401397561659751E-011
  9.421927117682761E-011  3.523991213971222E-011
  6.525910686708584E-012  1.601662344669992E-011
          51 -1.298926679197092E-010 -2.107418797499560E-010
 -2.962830212134265E-011 -1.396544678354703E-010
  1.803988725673425E-011  1.974308431174167E-012
          52 -1.189413372851541E-010  7.854598732134901E-011
 -1.453336764026819E-010  5.299745226987310E-011
 -7.722078058274305E-012 -6.787664953534807E-012
          53  1.700117430841482E-010  2.255802629174735E-010
  1.270620079657662E-010  7.937720773516273E-011
 -3.351872235353624E-012  1.043980274973134E-011
          54  5.181884991333107E-011 -2.774309898772247E-010
  4.789993477279210E-011 -1.030527636888318E-010
  3.784996196483164E-012  9.857458010585626E-012
          55 -1.455964759512385E-010  8.246649178398325E-011
 -1.025855454635938E-010  1.245059498480583E-011
  1.161276162196031E-011  7.391799674218570E-012
          56  5.714481359255968E-011  1.861263147071241E-011
 -2.277962099076507E-011  4.201815903801247E-011
  1.216305475846041E-012  3.600155295167564E-012
          57 -1.020197909923261E-011  6.076167404514669E-011
  7.476950938083241E-011 -7.304710858617374E-011
  1.316966197360339E-011  5.787859288650848E-012
          58  1.086605756419946E-010 -8.331766764651221E-011
 -9.543870234090537E-011  6.299927303362181E-011
  5.737510085127872E-012 -3.687787689250578E-012
          59 -1.050058858758198E-010  3.941390229126742E-011
  6.504247893938190E-011 -4.867834932882948E-011
  5.716715360394401E-012  2.971606026572544E-012
          60 -2.004626176215782E-011 -1.876142603260157E-011
 -4.708308051287528E-011  4.589603787119682E-011
  5.419595819310451E-012  8.887717599865730E-013
          61  1.158722853333557E-010  6.611937426154321E-011
  8.737510206651528E-013 -4.464632133134609E-011
  9.229847122458584E-012  1.813307928459285E-012
          62 -1.578320451240639E-010 -1.793674168083231E-011
 -4.393671888692544E-011  1.272368066932528E-011
  7.903796814044376E-012 -3.458385804118728E-012
          63  1.669992396548015E-010 -2.299989130724403E-011
 -7.164519881316152E-012  3.183095062878284E-011
  3.895491382743631E-012 -4.622676099613124E-013
          64 -9.332716072666281E-011  2.811947186582794E-011
  1.001938443601116E-010 -2.796167055924317E-011
  1.424800457743274E-011  2.548973685156361E-012
          65 -3.231333702035595E-011 -2.144019226336396E-011
 -1.485433164361873E-010 -4.012335115851339E-011
  1.446117973213752E-011 -1.846624125663622E-011
          66  1.223218077634987E-010  7.638527295529891E-011
  3.663729062976431E-011  9.684865851823728E-011
 -6.947290460136069E-012 -8.674631884841333E-012
          67 -6.594010562392960E-011 -7.046698104219322E-011
  1.133997124551722E-011  3.439187166084356E-011
 -1.099323267233438E-012 -6.623026477288618E-012
          68  1.924774459458711E-011 -5.749423202460356E-011
  1.107957648676253E-010 -8.606888624608662E-011
  7.127529000731376E-012  5.657566427887097E-012
          69 -7.553171578544658E-011  1.557800271863355E-010
 -1.853818658224872E-010 -4.246774070096680E-011
  7.515055806823170E-012 -1.908078475439464E-011
          70  1.244971717135420E-010  3.341039575864393E-012
 -2.361294897963769E-011  2.320135131444043E-010
 -4.581471000844990E-012 -1.024808565103000E-012
          71  6.818334829321217E-011 -1.214963045082852E-010
  2.069834620230238E-010 -1.013336225731805E-010
  3.872406896720468E-012 -1.210086278851496E-011
          72 -1.865455251615465E-010 -6.004872213866071E-011
 -6.549164840748268E-011 -1.278763826811163E-010
  9.788973122237734E-013 -1.213049581004480E-011
          73  3.236357326469937E-011  1.491423332775258E-010
 -1.768300076105692E-010  8.439941591642723E-011
 -1.508722431674613E-011 -1.833296648806599E-011
          74  3.824236249588054E-011  3.380093885967914E-011
  2.073763633863661E-010  2.003792830460388E-010
 -8.857214661675026E-012  1.320458716643353E-011
          75  7.777634582283842E-011 -1.382737572711572E-010
 -3.744705046810209E-011 -1.780465217320605E-010
  5.168817807393399E-012 -3.469970937977395E-012
          76 -3.619434704790537E-011  4.358589171836413E-011
  2.238334799139950E-011 -3.006139653302396E-013
  2.370954139606725E-012 -1.091809780253682E-011
          77 -1.241535521975210E-010 -5.476069511422496E-011
 -1.090330043133103E-010 -3.781526040564636E-011
 -1.451622399308321E-011 -1.638577453333652E-011
          78  6.731550831523964E-011  1.184245778671474E-010
  7.179955793410387E-011  2.158868688406733E-010
 -1.392945219305292E-011  3.274263998131307E-012
          79  6.380200594245296E-011  7.150683109695669E-011
  5.350149515738675E-011 -9.550539145824527E-011
 -5.775058332855278E-012  1.910646051803056E-012
          80  1.587442700692605E-011 -2.084467717589703E-010
  5.654666823031888E-012 -9.403837024304373E-011
 -7.507049857124395E-012 -1.706817965312774E-012
          81 -1.291967888699555E-010  1.039101787959649E-010
 -8.793345848344232E-011  6.490135861380428E-011
 -1.104843649178587E-011 -1.010534984485841E-012
          82  6.888708592779700E-011  6.076427857686042E-011
  6.751650518429935E-011  3.783364168326010E-012
 -8.660502712918190E-012  7.621006986330541E-012
          83 -4.658516492727595E-011 -6.928256817619891E-011
  2.103061108086705E-012  6.033037947591079E-012
 -2.653708964621509E-012  4.952290006723049E-012
          84  1.423898177396072E-010  8.349398400629134E-011
  4.366581251485149E-011 -4.779130746012295E-011
 -2.956948010538846E-012 -4.250914195492542E-013
          85 -1.791158822446180E-010 -2.073809602683230E-010
 -2.509358576473040E-011 -4.468810656790196E-011
 -9.927011299504844E-012  1.547315883210775E-012
          86 -5.059310353945656E-012  1.306181566765577E-010
 -7.663974876982772E-011  9.215648266827354E-011
 -1.067217943236363E-011  6.155359430464621E-012
          87  8.508123467361926E-011  1.467431733369725E-010
  1.544914441642608E-010 -5.238315263320958E-011
 -1.000747500119696E-011  1.836561196723911E-011
          88  3.190488547954113E-011 -2.843849279931605E-010
 -5.371718130336467E-011 -5.170403260110415E-011
  9.838350853795017E-012  8.906437040072886E-012
          89 -7.590750952564772E-011  9.923198746582485E-011
  3.827072109246901E-011  9.033837194583916E-012
  7.864035677157944E-013  3.045580438309648E-012
          90 -1.148102294022995E-010 -3.740394306095462E-014
 -1.583364054004681E-010 -5.659131221351034E-011
 -6.307585507445415E-014  1.476496894749510E-012
          91  1.365364083491643E-010  1.173178231908441E-010
  1.031981431982727E-010  2.427525564889324E-010
 -9.268555586012843E-012  7.623358789251979E-012
          92  3.993671816196359E-011 -6.167109528316096E-011
  1.783466103585102E-010 -3.329307952553599E-010
  1.062660882351271E-012  1.147715049313330E-011
          93 -6.104464630403702E-011 -2.270537915953319E-010
 -3.183148897478266E-010  1.141700286193341E-010
  2.709830669235194E-012  7.224189274352990E-012
          94 -1.083013520399943E-010  2.455010993241321E-010
  2.123797789925975E-010  2.920719433988246E-011
  5.920260191950369E-012  1.496797960594761E-011
          95  6.740602976488169E-011 -3.593936160998649E-011
 -1.645066262206419E-010  8.426478819174648E-012
  6.737400178934105E-012  1.238994711877433E-012
          96  1.093545820407562E-010 -2.857566634951097E-011
  2.697503051670169E-010 -1.045113858342221E-010
  9.601791655051235E-012  7.840222633545923E-012
          97 -7.319756542881223E-011 -6.287260101175153E-011
 -3.126695117867586E-010  8.896464761206434E-011
  4.570692460816117E-012 -7.098390712778334E-012
          98 -1.397243705777181E-010  3.134212769647493E-011
  1.471435482428845E-010 -3.683140636564587E-011
 -2.329416656406171E-012  1.355322808269074E-011
          99  1.188381365518074E-010  1.476165715507256E-010
 -5.746650068038964E-011  2.771617583398114E-011
  1.334644416589547E-011  4.370649445531898E-012
         100  7.126791443922151E-011 -1.074215093669315E-010
  4.976090673644325E-011 -6.593243318557753E-011
  1.023881666989018E-011  3.239485219208146E-012
         101 -1.124167629597875E-010 -8.825093821462777E-011
 -3.904606769169189E-011  1.685660107699874E-011
  1.152965037711889E-011 -3.637752525147314E-012
         102  3.086778464495860E-011  1.024907781052312E-010
  1.061695203470174E-011 -2.154066419260811E-011
  8.712311127663540E-012 -1.449091911962431E-012
         103 -1.128058108053542E-010 -8.750107536683157E-012
 -9.167042998261824E-011  1.469159828043989E-010
  1.013241681382058E-011 -6.245183113697205E-012
         104  2.326117625244422E-010  5.092259930895399E-011
  1.156924290556052E-010 -1.021510045592106E-010
  3.658853825701383E-012 -4.172534406712758E-012
         105 -9.824760477023761E-011 -7.923603917938726E-011
 -2.028735990583967E-011 -3.095016231111959E-011
  6.731351573579680E-012 -7.085481561604043E-012
         106 -3.770739831261350E-011 -1.700849813393561E-010
 -1.386427789159374E-010  2.522782568182912E-011
  8.846273997719939E-013 -5.985877771836349E-012
         107 -1.323408130118985E-010  2.524912651958067E-010
  1.523885977572655E-010  9.484185406772844E-011
  3.982308359851329E-012  3.557264694488559E-012
         108  1.846827571261774E-010  7.103417189071689E-011
 -6.733494780731559E-011 -8.256442169411758E-011
  1.543036824420313E-011 -1.014065403515815E-011
         109  2.006083336672632E-010 -2.652767329427609E-010
  1.389535507533345E-010  6.373639372114248E-011
  5.153600878451295E-012 -1.729236843549842E-011
         110 -4.009380533828384E-010 -6.909008884564135E-011
 -2.897134333037415E-010 -4.613120345008099E-011
 -8.007894035366334E-012 -1.335982736432472E-011
         111  5.493926572782402E-011  3.656057204355414E-010
  2.688297827047184E-010  2.135515005339734E-010
 -7.945571829001961E-012  1.484872739144849E-012
         112  3.122002702443780E-010 -1.470067989816973E-010
 -4.030171266713170E-011 -2.888908446300876E-010
  7.310163755318848E-012 -7.854537807228442E-012
         113 -8.345538241212427E-011 -1.614031209801541E-010
 -1.034232917331369E-010  2.993230346801075E-010
 -5.523825453598957E-012 -3.700346862492343E-012
         114 -2.972151156943619E-010  3.708139933082003E-011
  4.930177749763976E-011 -1.877247015583916E-010
  8.820973654636178E-012 -8.395893695739664E-012
         115  2.279850105159262E-010  2.377481318114452E-010
 -5.897689335274891E-011  1.808857825886599E-010
 -1.221281348896449E-011 -1.728468565427487E-011
         116  1.112365239258533E-010 -6.308731391174515E-011
  1.555061241215340E-010 -1.340146216079752E-010
 -4.747544565739724E-012 -4.801662399392438E-012
         117 -1.584930628740091E-010 -2.936943530654280E-010
 -1.407186511959078E-010  6.046888347383907E-011
 -1.373653445144387E-011 -6.845885535604453E-012
         118  2.598055782455992E-011  2.911835723303108E-010
  7.314496976996729E-011 -8.402625336696470E-011
 -5.985027610785508E-012 -9.713712047409003E-013
         119 -5.310819174519155E-011 -6.405947369374813E-011
  1.054073410690430E-011  2.887597475905330E-010
 -1.169364140635577E-011 -1.068178861106143E-012
         120  1.288749618611939E-010 -1.152130216608102E-011
  1.809188788872326E-010 -4.011342564010553E-010
  9.988839194790696E-013 -4.291257147734850E-013
         121 -6.660601300394507E-011  1.063448052397082E-011
 -3.868723530780705E-010  3.016569036903577E-010
 -1.354293637237692E-011 -1.057426891807176E-011
         122  4.390791399558451E-012  5.414105918035655E-012
  3.670321447990447E-010  3.803394970993380E-012
 -1.342049807822225E-011  8.820428762880243E-012
         123  2.726940074298944E-011 -9.736644534120206E-011
 -8.694565984654484E-011 -1.934401950265347E-010
 -4.276704394015018E-012 -7.438867379796246E-013
         124 -1.213027074698119E-010  5.383693289186834E-011
 -2.319403629611332E-011  6.263396697797663E-011
 -1.342064037494922E-011  8.332842583689444E-013
         125  8.130803025114324E-011  1.171735720981934E-010
 -1.146225296743106E-010 -6.201028944352577E-013
 -1.414281034915001E-011  1.079537338953904E-011
         126  1.522246509025756E-010 -1.509836791538075E-010
  2.462493960969076E-010  1.207416995106338E-010
 -1.196240459386981E-012  1.404570431197816E-011
         127 -2.645997472333208E-010 -1.371384322908595E-010
  2.385725144549938E-011 -2.130659461756625E-010
  1.188300346955566E-012  6.339125942649645E-012
         128  7.005495539292116E-011  2.498607157991279E-010
 -1.516448675880103E-010 -6.451469068003308E-011
 -1.078502330714484E-012 -8.659461988643259E-013
         129  8.380745759048005E-011 -7.779809230769582E-011
 -7.917380355261772E-011  2.959049726617479E-010
 -1.232376628204928E-011  5.854002099886667E-012
         130  1.080251500718903E-010 -1.235661212258797E-010
  2.867739804201471E-010 -1.070756599874716E-010
 -9.420649181081739E-012  1.174955029649879E-011
         131 -3.475748224188453E-010  3.734401332754378E-011
 -5.616885675998861E-011 -1.713411337366127E-010
  1.853801101352553E-012  2.391648506862163E-011
         132  3.418443048043660E-010  1.823736655386494E-010
 -2.671132222589526E-010 -2.374057640541200E-011
  8.243239435088933E-012  3.816870032964070E-012
         133 -8.299070552030590E-011 -1.377221756652107E-010
  2.429640817473746E-010  3.469746217022241E-010
  4.489904091548784E-012  1.074484557939925E-011
         134 -5.413748783138349E-012 -5.052670471900936E-011
 -1.200603337408432E-010 -3.565338653082886E-010
  6.654753405836419E-012  4.746155847178425E-012
         135 -5.408965978180256E-011  1.856679754820854E-011
  1.160769616282594E-010  1.111277966469232E-010
  1.720147743404608E-012  6.059574107757307E-012
         136  1.698202126241220E-012  1.108514889617710E-010
 -2.471667331501554E-010 -1.277256378078731E-010
  2.353704132688937E-012  6.810587040937382E-012
         137  8.441920845443252E-011 -4.318070872063707E-011
  2.831143075758494E-010  1.899014184866428E-010
  9.480191248246062E-012  1.407725074155779E-011
         138  6.813558741490127E-011 -1.086035153648561E-010
 -1.948821217724496E-010 -1.592153294892959E-010
  1.641819889222698E-011  2.600844323493054E-012
         139 -1.939326621601823E-010  4.766892110346400E-011
  1.826108049060767E-010  1.505613656766137E-010
  9.767748289004357E-012  3.326568103192425E-012
         140  1.016649466693292E-010  3.764471812535041E-011
 -2.027625715316617E-010 -2.450730242710912E-010
  1.455234619416299E-011 -3.031143394946619E-012
         141 -7.385277325534231E-012  1.611195553996411E-011
 -8.097081814886611E-012  3.054080421040925E-010
  5.144616925897643E-012 -4.658844812568763E-012
         142  8.101183598524466E-011 -1.370867428742915E-011
  8.610871734242861E-011 -1.433850556995869E-010
  7.696884940362706E-012 -2.803125815284530E-013
         143 -1.066625105483437E-010 -1.320206222581392E-010
  7.120565439724494E-012  9.882266296875919E-011
  7.954795222610788E-012 -1.030545023149919E-012
         144 -4.895758241854319E-011  1.710832559825650E-010
 -6.389554179777128E-012 -2.882636484219665E-010
  1.153323062684963E-011 -6.477495843070702E-012
         145  1.148080676715833E-010 -1.805304000072736E-011
 -2.510615210666890E-010  3.221452626047757E-010
  1.633679137156974E-012 -4.514219787619793E-012
         146  5.606116623767279E-011 -9.187121522238285E-011
  2.954719673795264E-010  2.291877430371292E-011
  1.277078547703842E-011  2.812760734482007E-012
         147 -1.278705061761228E-010  1.832634776428698E-011
  6.572387292012718E-011 -2.698554879718657E-010
  1.696806112958997E-011 -1.960158040479845E-011
         148  9.611028859972836E-012 -1.339496551114000E-010
 -3.772172096524197E-010  9.268878829566465E-011
 -5.638940018245627E-012 -1.835118745546944E-011
         149 -7.800602103441581E-011  3.748024726549844E-010
  1.799003510237814E-010  2.863073789295219E-010
 -7.267945570099756E-012 -1.824300850026972E-012
         150  3.593171540670785E-010 -2.242148463393633E-010
  1.539761123298047E-010 -1.364049929573845E-010
  5.957668412075487E-012  1.666461165183346E-012
         151 -2.361729371573856E-010 -2.452597332025681E-010
 -1.484244956314243E-010 -2.238307222821471E-010
  9.324057184666438E-012 -1.367201626285380E-011
         152 -1.984956022716800E-010  3.585013842152634E-010
 -1.338482898922804E-010  3.104388939012846E-010
 -7.514124871136112E-013 -1.254163991207005E-011
         153  2.441637562031698E-010 -1.650644558055049E-011
  1.778050713730603E-010 -1.379047293811655E-010
  1.130080428998081E-012 -1.656773685972413E-011
         154  6.227319809887023E-011 -4.951731743714759E-011
 -2.307541119309852E-010  1.862493097487113E-010
 -1.633889840918821E-011 -1.574966272651395E-011
         155 -1.209665861523417E-010 -1.077124836828417E-010
  4.304454625576340E-010 -2.091415552835428E-010
 -8.541204432896279E-012  6.294831224006479E-013
         156 -7.576167827318865E-011 -3.108899239634712E-011
 -4.241645901385198E-010 -2.637761216164468E-011
 -6.175114562076003E-012 -1.114606395475463E-011
         157  2.726516322237328E-011  4.274255767534800E-010
  1.885015278471720E-010  1.160158821788830E-010
 -6.791445640162217E-012 -2.142440965367700E-012
         158  1.934991692202959E-010 -4.778897259060615E-010
 -9.639454940897393E-011  2.221136941008379E-010
 -1.270505151250184E-011 -8.045109614900126E-012
         159 -1.871524601040939E-010  9.667896600478313E-011
  3.245033066453185E-010 -4.267451240713335E-010
 -4.399685657021399E-012  1.782440245735633E-012
         160 -8.044827447027838E-011  1.949894374136472E-010
 -4.061756150201229E-010  1.662575893358132E-010
 -1.525989937971249E-011 -1.354726151484318E-011
         161  2.205252847386254E-010 -1.737568237989205E-010
  2.474252502095333E-010  4.493400711503481E-011
 -1.546064532849887E-011  6.343508520800416E-012
         162 -1.185965457943708E-010  9.671813163217722E-011
 -1.559746719231621E-011  1.137747657924127E-010
 -1.425321924926790E-011  2.665885157268842E-012
         163  1.842591861030988E-011 -1.007029620036898E-010
  1.617320335806552E-010 -1.877230903912486E-010
 -7.561077760208975E-012  1.221845343448262E-011
         164  1.720653010490605E-012  5.812269435147281E-011
 -2.323352986632195E-010 -9.794853145915609E-011
 -3.416834039394164E-012  2.633406805804578E-012
         165 -8.549252932496844E-011 -2.493368761277753E-011
 -4.635323076634926E-011  2.534518067263353E-010
 -1.082998260024091E-011  3.366962900924572E-012
         166  5.670632177203362E-011  8.325248426545659E-011
  2.639811638801619E-010 -2.551009819335748E-011
 -7.910721454312719E-012  1.080927680956949E-011
         167  1.178710751805575E-010  7.746712336768906E-012
 -4.262580215260901E-011 -1.432923545732757E-010
 -2.836270754673208E-012  6.584729924961354E-012
         168 -8.126434356927766E-011 -1.721409657131419E-010
 -6.539653910236496E-011 -1.910254902431474E-010
 -9.073493583758702E-012  2.185288053613532E-012
         169 -1.331723237428640E-010  7.122426400358163E-011
 -2.735751932042560E-010  4.357359920939540E-010
 -1.965899330863448E-011  2.135172012564716E-011
         170  5.998317879346760E-011  2.040801559001995E-010
  6.096471557668286E-010 -2.459716381299535E-010
  1.321468763343409E-011  3.006630520308105E-011
         171  1.846261322630790E-010 -1.254022059888933E-010
 -4.853173241598252E-010 -2.238913995304715E-010
  1.496599622218938E-011 -4.207447444051949E-012
         172 -1.145167866149786E-010 -1.616771077763735E-010
  2.007368778561696E-010  2.971375676764651E-010
 -7.663767590067031E-012  3.676667128243531E-012
         173 -1.435124199994407E-010  2.016955830484607E-010
 -1.079704158994610E-010 -7.077315110418321E-011
 -6.604843436511840E-013  1.387137261296863E-011
         174  1.438217773892491E-010  2.737498143171754E-011
  1.578667671810685E-010 -4.354926545378940E-011
  2.365514479419264E-012  1.922797778431549E-011
         175  8.936801679021554E-011 -1.315457156273182E-010
 -1.764698384445573E-010 -1.014289995851620E-010
  1.613710881649097E-011  7.605742317467057E-012
         176 -2.400909070238777E-010  4.919793693092426E-011
  8.133711733432382E-011  1.633690528190027E-010
  8.405299722119091E-012  1.089022426843312E-011
         177  1.585568692288999E-010  3.730858434125389E-011
 -3.538679998876651E-011 -1.557683675392634E-010
  1.777973927332061E-011  2.184548155669090E-012
         178 -2.032039667927945E-012 -1.903249916736952E-011
 -4.553761519418014E-011  2.346203103199958E-010
  9.103041605590827E-012  2.439232013061677E-012
         179 -8.716295798393553E-011 -1.675702249350309E-013
  3.742536005553525E-011 -3.206303935680720E-010
  1.412868947447087E-011 -3.736850734005207E-013
         180  7.892741049173300E-011 -1.552374905255059E-011
 -1.335054137250687E-010  2.973309655584739E-010
  4.814297507526758E-012 -1.566168507340191E-012
         181  8.702569173922843E-011  7.463416004192987E-012
  1.961914017333347E-010 -2.535237423786490E-010
  1.456749247571108E-011  2.437924564521275E-012
         182 -2.560205222860191E-010 -1.014299610842779E-010
 -1.933094384762128E-010  2.263778673573810E-010
  1.055630638335913E-011 -3.078886000287668E-012
         183  1.217036035524272E-010  3.127976216930131E-010
 -1.043073430515742E-011 -1.881310891566836E-010
  1.357246201578810E-011 -2.916843197060258E-012
         184  2.952285239695287E-010 -1.625592757223018E-010
  9.779479809814533E-011  2.728458682492528E-010
  1.282827615620373E-011 -6.357329016811644E-012
         185 -3.313941169314003E-010 -2.789847744655238E-010
  5.951744691358781E-011 -3.646961887932144E-010
  1.762385034410715E-011 -1.560643293214160E-011
         186 -1.313888702321919E-010  3.307473062577890E-010
 -4.240428631418589E-010  1.819503649592335E-010
 -4.035380348088795E-012 -2.240211507234392E-011
         187  2.398289604727020E-010  1.584564066061878E-010
  3.744519889639533E-010  3.501470739545861E-010
 -6.882855616504451E-012  2.053101972996427E-012
         188  2.102798438673725E-010 -2.786916636090121E-010
  1.456886131533884E-010 -4.859467233007179E-010
  1.717473207651941E-011 -5.178165540930802E-012
         189 -3.308381646485250E-010 -2.044722342806733E-010
 -4.528749892791626E-010 -1.835139649150592E-011
  4.479492714384404E-012 -1.873285295675087E-011
         190 -2.107790471916380E-010  3.344417228667327E-010
 -3.834856215076203E-011  4.053345344436267E-010
 -2.283721739993353E-012 -1.811777409698482E-011
         191  3.917412309841024E-010  1.987127955416945E-010
  6.321928531388450E-010  7.179210033604612E-011
 -5.957545566106531E-012 -8.261608976374381E-012
         192  1.753291040817995E-010 -3.728181338983383E-010
 -3.742020439359661E-010 -7.676749127182053E-010
  1.051068721163300E-012 -2.135573387810275E-011
         193 -4.257058001784780E-010 -2.213335771580972E-010
 -3.036805849930617E-010  7.417515855202586E-010
 -2.490286569156131E-011 -1.168992555384673E-011
         194 -1.261801636254624E-010  4.843468533723907E-010
  3.913509818174708E-010 -5.273200209845920E-011
 -7.590520517901687E-012  8.533664739033656E-012
         195  3.981481378739291E-010  1.026979523285308E-010
  1.816423784751430E-010 -1.645378998284827E-010
  3.562736570990872E-012 -5.946459886114920E-012
         196  1.237626103886479E-010 -4.090417463579325E-010
 -4.045281864909590E-010 -3.086996507956900E-010
 -6.774148975161015E-012 -1.921175646762318E-011
         197 -3.989719595112367E-010 -4.029990010749149E-011
 -9.032199714788596E-011  6.185925384932300E-010
 -2.573770193524318E-011 -5.944418902126833E-012
         198 -4.438657977646524E-011  3.526528585556543E-010
  5.711220895513179E-010 -1.399000148427252E-010
 -6.493165884622074E-012  1.052902924152273E-011
         199  2.898148514274860E-010 -3.647635819055497E-011
 -3.028221894363326E-010 -4.415063244481135E-010
 -7.901642660876497E-012 -8.691499818590347E-012
         200  2.636386408285357E-012 -1.601651407776087E-010
 -2.635045571374997E-010  2.914930511271522E-010
 -1.772159848222165E-011 -6.354570264652776E-013
         201 -2.190348517885348E-010 -3.721051837162398E-011
  3.535465256041123E-010  2.467856716876707E-010
 -1.673364744110350E-011  8.252208721176674E-012
         202  1.079410271860059E-010  1.147473667991617E-010
  1.242791114882067E-010 -2.786907783841537E-010
 -2.194267012653533E-012  1.457255707857680E-011
         203  6.368666866666530E-012  8.353251953327722E-011
 -2.417226215001911E-010 -3.344320524050653E-010
 -1.910485068902589E-012 -5.747298086599728E-012
         204  4.675405625527001E-011 -1.676331801571829E-010
 -1.799115076446121E-010  6.226793471205532E-010
 -1.940707979515733E-011  2.225397792535874E-012
         205 -2.206074276895257E-011 -3.642491630444749E-011
  4.691570519034481E-010 -2.213189525975933E-010
 -9.747686879899517E-012  1.457993395994663E-011
         206 -1.856831677290803E-010  1.849279661075152E-010
 -1.079930520186801E-010 -1.726254102799487E-010
 -8.194100897433937E-012  9.781696688046866E-012
         207  3.026965322152288E-010 -7.766067915318496E-011
 -2.394379118353516E-010 -1.632603946880409E-011
 -7.554098775150394E-012  1.575195132705607E-011
         208 -2.889606202925353E-012 -2.838376260971571E-011
  1.884352208816495E-010  2.391608016660521E-010
 -1.064705198905493E-012  2.038195310672144E-011
         209 -2.393685058901121E-010 -1.380258499619752E-010
  7.715426819832669E-011 -1.580607712087199E-010
  1.242503945616653E-011  1.405526981162650E-011
         210  1.123425163254556E-010  2.331414039772338E-010
 -2.648999439062272E-010 -1.881662923515222E-010
  5.501410903599719E-013 -4.887246017777415E-012
         211 -1.166048416461385E-011  5.202151041104236E-012
  2.570155065753514E-010  4.105478178866007E-010
 -1.124946786055673E-011  1.743746276250544E-011
         212  1.155157792777273E-010 -8.722091326447207E-011
 -6.996566591360185E-011 -4.876750248849973E-010
  1.002487747791614E-011  1.976048661999775E-011
         213  3.382731257555313E-012 -4.876209531793866E-011
 -1.026542578704480E-010  2.344172372923187E-010
  1.220708602397368E-011  1.194263378221556E-011
         214 -3.466194583242000E-010 -7.600630888767820E-011
 -6.418506993102338E-011  7.065388418729968E-011
  1.091031194102259E-011  5.790266411428446E-012
         215  2.158562901941714E-010  3.912103725090680E-010
  3.974022084763803E-010 -2.034310907388877E-010
  1.368253799904164E-011  1.155392501033988E-011
         216  2.424285650255610E-010 -2.562190906410075E-010
 -6.242494370416738E-010 -1.310846239580696E-010
  1.604967803563681E-011 -6.813132746051614E-012
         217 -3.187409214309867E-010 -2.133189473900227E-010
  4.606791612406726E-010  4.529410209733624E-010
  2.167789510023067E-012  4.713393713624550E-012
         218  1.561202766360865E-011  3.444556045008773E-010
 -1.546704423075383E-010 -3.557251033871494E-010
  1.569007898508901E-011  3.170285155149858E-012
         219  9.766894712008906E-011 -1.448858430681980E-010
  9.835539285239203E-012  1.029434542851862E-010
  9.302077671557715E-012  2.119973764875614E-012
         220 -6.923179055924109E-011  6.138948189628328E-011
 -9.682753283831753E-011 -1.112452538406262E-010
  1.742608718711958E-011 -3.991791413689359E-012
         221  1.965751905426026E-010 -5.496987749150975E-011
 -3.842060703028880E-011  2.189076175794100E-010
  9.228602010671172E-012 -3.408475772019708E-012
         222 -2.646830638695386E-010 -8.187005687246866E-011
  1.527532221308483E-010 -7.895845301760983E-011
  1.646959055122805E-011 -5.505192510648689E-012
         223  1.182202402128757E-010  5.540168852116837E-011
  1.432039611468748E-011 -8.245494727164985E-011
  1.330432794125412E-011 -1.472723063584901E-011
         224 -9.757409735767367E-011  1.694895475564689E-010
 -3.170649003675903E-010 -1.212818059134126E-010
  2.093187251445014E-012 -1.874686860809536E-011
         225  2.479554384462168E-010 -7.047234320392475E-011
  1.145317157641292E-010  5.796306396236666E-010
 -7.222495856746240E-012 -4.303387867315297E-012
         226 -1.754188786734807E-011 -2.854530836924567E-010
  3.466224757912569E-010 -4.558109692794575E-010
  1.202661530548025E-011  1.350017278477649E-012
         227 -4.230760104079833E-010  1.968212806802396E-010
 -3.289480611253551E-010 -1.685709130583450E-010
  1.435819536390473E-011 -1.918112286982306E-011
         228  3.254588080694724E-010  2.174966633884120E-010
 -2.043579435179811E-010  4.683122024534564E-010
 -4.276545243848568E-012 -2.243688447547922E-011
         229  2.150194196103974E-010 -1.664678346776122E-010
  3.134690409991470E-010 -3.740349538106339E-011
 -6.981332842732062E-012 -1.044949170762834E-011
         230 -3.137943573657410E-010 -2.352628512332603E-010
  2.090192357095902E-010 -6.359266629596090E-011
 -5.209025747333792E-012 -9.934326179598152E-012
         231 -6.725909421428170E-012  2.638583725001497E-010
 -4.487633131665494E-010 -4.143039905692187E-010
 -6.918781827169178E-012 -1.410711213035572E-011
         232  1.184978375119243E-010  7.375943368153143E-011
  1.391198222158037E-010  6.538088240280026E-010
 -1.517549123095630E-011 -2.803636243313006E-012
         233  3.038811711713630E-011 -1.650766275154158E-010
  1.548580971408723E-010 -2.348190024463168E-010
  3.333504962042089E-012 -5.643401091103716E-013
         234 -6.456177053873614E-011 -8.232622399553097E-011
 -8.264898769574626E-012  6.062678946283440E-012
 -6.274512589390257E-012 -1.686760066354935E-011
         235 -1.919709878807653E-010  2.311090778503644E-010
  3.521028519612625E-011 -2.700397762537962E-010
 -1.404901256528452E-011 -8.353083330847240E-012
         236  3.608780539884336E-010 -3.689263680785478E-011
 -4.034615867596724E-010  4.513475892031271E-010
 -1.927141929191823E-011 -3.963305212571019E-012
         237 -1.645392750766445E-010 -2.085808776961218E-010
  7.553830593187109E-010 -2.106193725030282E-010
 -8.087323175344926E-012  6.022417092374597E-012
         238 -1.981684209477597E-010  2.149031695365552E-010
 -5.602452405096079E-010  3.455094223871950E-011
 -1.197967359158695E-011 -3.836393460208946E-012
         239  3.008159721007867E-010 -6.967047462332698E-011
  2.792428851324152E-010 -1.463609091937070E-010
 -1.214526727261140E-011  6.507705818558726E-012
         240 -1.905687961999647E-010 -5.426174209628742E-011
 -2.547507645639913E-010  1.881528643121874E-010
 -1.054710798386201E-011  3.396756766405638E-012
         241 -2.078972770246872E-011  1.523958821447015E-010
  2.920443948381437E-010 -1.569808229535691E-011
 -6.322281200288874E-012  8.296476553898607E-012
         242  2.994685051800328E-010 -5.265502013384046E-011
 -8.217923122201328E-011 -1.300239136620907E-010
 -8.397036200348551E-012 -1.339759271013997E-012
         243 -2.402065859267140E-010 -2.431111059427253E-010
  6.537411021663287E-011  6.949569030589581E-011
 -1.447259464484008E-011  1.079542337039259E-011
         244 -2.248887264456403E-010  2.165429211969510E-010
 -2.896286568959563E-010 -1.897763807265391E-010
 -1.012234275964685E-011  1.083908011543430E-011
         245  3.298734169832863E-010  2.863271831390035E-010
  3.163384695275021E-010  4.699297528258853E-010
 -3.972967208044857E-012  2.227335356838161E-011
         246  1.802517844439819E-010 -3.851201287312142E-010
  7.184706192122450E-011 -4.334325167676480E-010
  8.449135616953413E-012  1.216149962947845E-011
         247 -3.124785988002684E-010 -2.180637619508881E-010
 -1.753871619513310E-010 -1.433323125684572E-010
  3.802113063333344E-012  3.664341509333011E-012
         248 -3.405257256898945E-010  4.675059073604740E-010
 -2.228337087124597E-010  3.327886424472140E-010
 -2.466549728370961E-012  3.008262799087575E-012
         249  6.426854732430342E-010  1.933247203268452E-010
  2.894927977393538E-010  2.015989307967514E-010
 -8.548342580294387E-012  1.255787333820305E-011
         250  9.861568076686227E-011 -6.000981321697843E-010
  3.620942772585306E-010 -5.142784410428827E-010
  8.923619873837133E-012  2.396376809389177E-011
         251 -6.487228749557458E-010 -4.381541144374499E-011
 -8.298504303857480E-010 -1.615778333288442E-010
  1.401075651557914E-011  6.166663301432934E-013
         252 -2.438135590332706E-011  6.393447005091375E-010
  2.250857678716087E-010  7.319585434770325E-010
  2.856730084599593E-013  5.909427449928934E-012
         253  7.696166884712276E-010  6.389678637708051E-011
  5.805458099403606E-010 -2.547998766098323E-010
  1.110031515572726E-011  1.366174527021648E-011
         254 -2.402132932266255E-010 -9.788463777911143E-010
 -3.848295410093066E-010 -5.984376892193856E-010
  1.749595064401806E-011 -1.940102825115711E-014
         255 -6.900483217140069E-010  5.888143187863590E-010
 -6.322894042237604E-010  4.414649300100401E-010
 -5.497275437478717E-013 -7.501664854629100E-012
         256  4.829996206100024E-010  3.597284624494970E-010
  9.672903350983423E-010  4.631213627769700E-010
  2.092653266651710E-012  1.653349328998277E-011
